0 0.108269 0.533536 0.013370 0.066565
0 0.554660 0.661103 0.015862 0.072102
0 0.065642 0.928447 0.022900 0.111746
0 0.724737 0.660793 0.020118 0.063981
0 0.761780 0.462602 0.017028 0.062925
0 0.192589 0.645890 0.020985 0.079791
0 0.800915 0.590735 0.024058 0.070439
0 0.130240 0.547604 0.012480 0.070093
0 0.269791 0.628062 0.017086 0.082161
0 0.133440 0.384763 0.012965 0.058479
0 0.414223 0.547350 0.021260 0.074183
0 0.446262 0.552581 0.020229 0.060046
0 0.630172 0.461017 0.019376 0.064733
0 0.285844 0.435301 0.011990 0.053787
0 0.677511 0.478798 0.019160 0.057361
0 0.408983 0.395271 0.012086 0.053440
0 0.918879 0.592548 0.025530 0.065490
0 0.329646 0.941416 0.019232 0.107803
0 0.517392 0.513096 0.021524 0.066677
