0 0.245433 0.619035 0.014932 0.069453
0 0.054404 0.844655 0.017970 0.090294
0 0.818392 0.563031 0.014869 0.054038
0 0.130269 0.543084 0.019121 0.060179
0 0.606748 0.621618 0.012670 0.051472
0 0.217838 0.636787 0.022646 0.069376
0 0.687671 0.642563 0.015969 0.059439
0 0.393645 0.418439 0.010677 0.040942
0 0.320327 0.348219 0.009370 0.034496
0 0.658233 0.445044 0.022486 0.059184
0 0.898248 0.634853 0.016476 0.046704
0 0.136922 0.430736 0.011206 0.044909
0 0.479411 0.456154 0.010899 0.046472
0 0.412851 0.537492 0.010820 0.051397
