0 0.226686 0.481604 0.019432 0.059748
0 0.137178 0.687052 0.022133 0.079696
0 0.428167 0.776703 0.024574 0.084013
0 0.619878 0.704083 0.019676 0.073115
0 0.804470 0.503044 0.023123 0.069128
0 0.519148 0.436789 0.016218 0.051418
0 0.308672 0.485995 0.021758 0.061454
0 0.593824 0.393286 0.018698 0.058968
0 0.291829 0.860338 0.017717 0.096503
0 0.680916 0.819546 0.015817 0.091355
0 0.762018 0.597184 0.014433 0.073489
0 0.276792 0.645080 0.021598 0.073268
0 0.735826 0.579464 0.014912 0.064539
0 0.519673 0.615844 0.016226 0.073914
0 0.748858 0.384558 0.012208 0.047222
0 0.585687 0.473181 0.018432 0.061286
