0 0.757188 0.626698 0.032357 0.086889
0 0.703417 0.604915 0.015483 0.077494
0 0.096502 0.729092 0.034526 0.087084
0 0.271759 0.498763 0.025253 0.060284
0 0.166444 0.501095 0.023045 0.064523
0 0.214794 0.907027 0.021358 0.110500
0 0.574831 0.480502 0.024765 0.060605
0 0.637794 0.852337 0.016972 0.097651
0 0.502297 0.384103 0.014701 0.047195
0 0.485961 0.640772 0.018280 0.086831
0 0.558064 0.741685 0.020574 0.080501
0 0.803219 0.500864 0.019904 0.069800
0 0.565391 0.384633 0.019024 0.056251
0 0.267747 0.687300 0.026384 0.085335
0 0.323910 0.306976 0.013633 0.050493
0 0.488251 0.432144 0.016354 0.053761
0 0.558599 0.637658 0.015870 0.071844
0 0.498747 0.934803 0.029189 0.099750
