0 0.054269 0.871893 0.019949 0.098147
0 0.127761 0.412806 0.014572 0.052931
0 0.246475 0.624384 0.015602 0.074343
0 0.577917 0.453433 0.016533 0.056909
0 0.639822 0.461118 0.021164 0.048967
0 0.683593 0.446756 0.014514 0.051941
0 0.139270 0.963074 0.025908 0.069000
0 0.196664 0.641176 0.015724 0.061849
0 0.125414 0.554533 0.019099 0.065299
0 0.397316 0.543607 0.018595 0.054474
0 0.321869 0.327512 0.011585 0.041626
0 0.792983 0.578046 0.031297 0.058065
0 0.915009 0.669087 0.025887 0.061633
0 0.501366 0.516548 0.019168 0.052645
