0 0.094270 0.759960 0.039735 0.101237
0 0.136667 0.938870 0.022344 0.119904
0 0.780686 0.658035 0.032486 0.092563
0 0.134367 0.515607 0.024708 0.075591
0 0.667325 0.634237 0.014978 0.086161
0 0.795088 0.486979 0.017325 0.074804
0 0.543436 0.650710 0.020103 0.084777
0 0.245212 0.506024 0.025586 0.059820
0 0.536123 0.380077 0.018905 0.061154
0 0.598197 0.871652 0.017932 0.099801
0 0.721350 0.442069 0.014793 0.065649
0 0.467349 0.433906 0.022347 0.058107
0 0.436315 0.949375 0.027250 0.084762
0 0.255478 0.307623 0.011817 0.057080
0 0.563561 0.490502 0.017944 0.072287
