0 0.422525 0.489970 0.017837 0.060849
0 0.224448 0.612950 0.019550 0.069953
0 0.277840 0.551653 0.022178 0.065256
0 0.466936 0.666069 0.015216 0.060722
0 0.363871 0.846183 0.017773 0.091832
0 0.758616 0.438465 0.014150 0.036752
0 0.916689 0.780828 0.023684 0.078085
0 0.546160 0.376085 0.009547 0.041233
0 0.736529 0.821903 0.020187 0.068889
0 0.590380 0.881141 0.020576 0.095349
0 0.736278 0.473566 0.020133 0.082858
0 0.689840 0.649880 0.016899 0.066984
0 0.579602 0.497905 0.012613 0.056718
0 0.674868 0.482198 0.025694 0.055055
0 0.737467 0.486580 0.020271 0.059146
