0 0.170570 0.594465 0.021996 0.075227
0 0.205304 0.923225 0.020474 0.108266
0 0.966047 0.804165 0.029046 0.093545
0 0.176220 0.497250 0.028424 0.075357
0 0.645748 0.659057 0.023463 0.071016
0 0.479459 0.942952 0.024166 0.112245
0 0.171487 0.494547 0.019154 0.074574
0 0.630678 0.537747 0.019782 0.069749
0 0.318027 0.410893 0.013545 0.062651
0 0.644218 0.470168 0.019448 0.076912
0 0.253581 0.577412 0.022827 0.074393
0 0.437746 0.639811 0.022820 0.075130
0 0.185106 0.341467 0.013779 0.053776
0 0.753777 0.487703 0.020811 0.065517
0 0.720100 0.505359 0.016872 0.072226
0 0.522444 0.500909 0.016016 0.059278
0 0.459378 0.374117 0.013565 0.056511
0 0.641249 0.865770 0.021744 0.085520
