0 0.648496 0.498001 0.012290 0.050494
0 0.251392 0.650503 0.028325 0.067277
0 0.348708 0.543872 0.014788 0.058851
0 0.831909 0.820979 0.020319 0.068624
0 0.297235 0.478781 0.013699 0.043587
0 0.574235 0.522356 0.017450 0.054100
0 0.465207 0.491860 0.012932 0.050342
0 0.772815 0.512361 0.017962 0.049860
0 0.899826 0.791079 0.023145 0.069015
0 0.166090 0.469305 0.016648 0.044979
0 0.711525 0.657725 0.021397 0.058845
0 0.802419 0.529154 0.015167 0.055614
0 0.480498 0.821597 0.016471 0.083947
0 0.690377 0.869047 0.018531 0.087133
