0 0.078228 0.948794 0.024193 0.100560
0 0.976527 0.799101 0.022656 0.100602
0 0.131064 0.518758 0.020278 0.079320
0 0.853100 0.637857 0.023580 0.096391
0 0.189625 0.732673 0.021811 0.097999
0 0.292378 0.697696 0.025231 0.091586
0 0.352418 0.596597 0.025420 0.084300
0 0.192135 0.498342 0.017409 0.071370
0 0.650032 0.714048 0.034941 0.089093
0 0.684062 0.401620 0.014026 0.066364
0 0.720333 0.448999 0.015219 0.069140
0 0.380136 0.958652 0.025111 0.080843
0 0.634517 0.359240 0.013554 0.052535
0 0.540179 0.463041 0.016263 0.059648
0 0.479089 0.368806 0.012333 0.056119
0 0.663781 0.437777 0.016905 0.060294
0 0.412772 0.401876 0.017126 0.110938
0 0.515818 0.647082 0.023083 0.078318
0 0.201410 0.315293 0.012940 0.051807
