0 0.673145 0.488433 0.011728 0.042695
0 0.469353 0.489750 0.012552 0.050404
0 0.177632 0.476444 0.016289 0.042462
0 0.783591 0.515568 0.019577 0.063780
0 0.893358 0.791086 0.021001 0.072442
0 0.252106 0.645163 0.016529 0.056382
0 0.714679 0.657795 0.016485 0.066637
0 0.580214 0.519307 0.011366 0.056533
0 0.847001 0.823337 0.019914 0.069286
0 0.603429 0.380157 0.010362 0.039143
0 0.432515 0.730417 0.017646 0.066627
0 0.704970 0.871597 0.018876 0.088185
0 0.494951 0.820325 0.015427 0.083806
0 0.336629 0.452020 0.013228 0.042346
