0 0.201823 0.608182 0.027490 0.085340
0 0.157586 0.506060 0.013886 0.068865
0 0.956578 0.792930 0.038506 0.083611
0 0.153442 0.933906 0.023126 0.114658
0 0.433181 0.531907 0.013877 0.065893
0 0.320697 0.588654 0.017736 0.084343
0 0.473381 0.649637 0.027409 0.069131
0 0.427734 0.942873 0.022830 0.109366
0 0.513470 0.506313 0.025286 0.052069
0 0.708883 0.500203 0.025170 0.065450
0 0.373128 0.401572 0.014037 0.058527
0 0.450675 0.543562 0.019584 0.071103
0 0.789490 0.552729 0.029993 0.048479
0 0.656672 0.471895 0.018590 0.067839
0 0.687955 0.566413 0.022406 0.061387
0 0.545393 0.450480 0.015026 0.062818
0 0.443097 0.380534 0.018343 0.054026
0 0.187712 0.350048 0.012894 0.048452
0 0.319449 0.421539 0.014259 0.055611
0 0.194377 0.520087 0.015661 0.076475
0 0.705041 0.640173 0.023764 0.068098
0 0.610691 0.863930 0.020119 0.070056
