0 0.066682 0.840622 0.017930 0.088640
0 0.284768 0.524352 0.012967 0.038535
0 0.501075 0.750021 0.015680 0.063037
0 0.717062 0.543953 0.011396 0.039890
0 0.870327 0.642824 0.011432 0.053383
0 0.543869 0.541104 0.014033 0.052950
0 0.160832 0.623273 0.024200 0.067072
0 0.690442 0.520975 0.012591 0.054198
0 0.332107 0.522331 0.011847 0.049310
0 0.710103 0.410719 0.011091 0.038353
0 0.654198 0.460370 0.011202 0.049123
0 0.339929 0.459775 0.014870 0.067099
0 0.144532 0.928433 0.023156 0.074680
0 0.430718 0.600442 0.013138 0.054316
