0 0.078796 0.752917 0.023775 0.096865
0 0.140589 0.513495 0.024762 0.071589
0 0.167465 0.931691 0.021344 0.114907
0 0.250388 0.505508 0.022994 0.070881
0 0.765909 0.646488 0.032825 0.096767
0 0.685256 0.620819 0.018285 0.085969
0 0.551692 0.379716 0.021870 0.061205
0 0.803507 0.495116 0.017923 0.075682
0 0.569210 0.488743 0.022949 0.063591
0 0.469532 0.653500 0.019130 0.087640
0 0.740066 0.445234 0.022471 0.064611
0 0.282926 0.304328 0.014845 0.056589
0 0.277955 0.705713 0.018615 0.089547
0 0.488406 0.382305 0.015036 0.045859
0 0.390124 0.813170 0.025434 0.092693
0 0.616864 0.872796 0.020262 0.098394
0 0.465123 0.949340 0.028766 0.090728
0 0.715674 0.369805 0.016932 0.050744
0 0.754666 0.410534 0.018992 0.060496
