0 0.279771 0.638097 0.014578 0.072625
0 0.869448 0.788497 0.018618 0.082632
0 0.491273 0.486727 0.013425 0.048879
0 0.763714 0.471989 0.027786 0.151338
0 0.706361 0.471634 0.012971 0.050308
0 0.777189 0.515825 0.012750 0.054467
0 0.591979 0.520261 0.014823 0.056318
0 0.149173 0.457677 0.015972 0.044363
0 0.355194 0.535348 0.014876 0.055392
0 0.516563 0.394770 0.010496 0.035451
0 0.492295 0.818827 0.016820 0.084884
0 0.705305 0.870711 0.018665 0.093715
0 0.707156 0.650311 0.015134 0.067399
0 0.841602 0.822778 0.019388 0.075074
