0 0.078284 0.948877 0.023986 0.100394
0 0.365120 0.605730 0.019101 0.077808
0 0.133153 0.520715 0.018955 0.079249
0 0.976933 0.799464 0.025911 0.106458
0 0.856774 0.651169 0.021479 0.087215
0 0.184676 0.735919 0.021675 0.103643
0 0.727419 0.451855 0.027179 0.070440
0 0.298191 0.693028 0.034149 0.093037
0 0.534396 0.658942 0.028819 0.082591
0 0.669590 0.436001 0.015169 0.067995
0 0.544787 0.467434 0.015618 0.064655
0 0.414939 0.427051 0.017439 0.068247
0 0.195867 0.499458 0.015174 0.072830
0 0.484380 0.370379 0.014358 0.055804
0 0.382395 0.959025 0.026218 0.080097
0 0.201554 0.316470 0.013105 0.058839
0 0.414469 0.408541 0.020456 0.106165
0 0.640784 0.360090 0.013837 0.047767
0 0.689867 0.402467 0.014034 0.061491
