0 0.421089 0.426763 0.012615 0.045766
0 0.354090 0.525798 0.013875 0.059649
0 0.707832 0.875254 0.021005 0.102083
0 0.555627 0.508238 0.016259 0.055413
0 0.817102 0.529778 0.019803 0.055559
0 0.120274 0.463791 0.010615 0.047047
0 0.806100 0.439264 0.012737 0.051463
0 0.918727 0.790468 0.020365 0.076230
0 0.753224 0.644573 0.016815 0.062266
0 0.264945 0.602601 0.014432 0.062258
0 0.613178 0.524517 0.014751 0.051674
0 0.354601 0.440115 0.009590 0.041363
0 0.547219 0.382627 0.011312 0.049198
0 0.841646 0.820407 0.017354 0.075586
