0 0.824758 0.677927 0.030731 0.093652
0 0.092129 0.945159 0.020942 0.107831
0 0.423591 0.644212 0.021698 0.085032
0 0.653676 0.667828 0.021249 0.088882
0 0.219665 0.503882 0.016591 0.075223
0 0.441938 0.411178 0.020214 0.111162
0 0.136964 0.525883 0.025895 0.073700
0 0.120340 0.758629 0.018550 0.098791
0 0.777329 0.472995 0.016429 0.075530
0 0.542668 0.658872 0.025263 0.081031
0 0.560243 0.490002 0.015871 0.070668
0 0.695619 0.442914 0.013897 0.066799
0 0.397308 0.955123 0.027515 0.087901
0 0.717216 0.409037 0.014244 0.064889
0 0.573720 0.884350 0.018761 0.090088
0 0.510821 0.377605 0.013091 0.056739
0 0.219702 0.318053 0.013575 0.059056
