0 0.409730 0.489710 0.018813 0.061624
0 0.330246 0.861839 0.018004 0.098083
0 0.686430 0.656810 0.022011 0.068748
0 0.564563 0.894228 0.020912 0.097476
0 0.210681 0.607868 0.027995 0.071877
0 0.716003 0.830809 0.020849 0.072675
0 0.934373 0.785884 0.032994 0.078397
0 0.263216 0.557151 0.021328 0.069272
0 0.729042 0.481125 0.018765 0.062341
0 0.666231 0.489093 0.024818 0.081475
0 0.471323 0.658780 0.015650 0.068089
0 0.570624 0.499609 0.016587 0.066087
0 0.531210 0.374058 0.010199 0.041196
0 0.213087 0.605713 0.019850 0.071066
0 0.769883 0.452887 0.016534 0.057465
0 0.374761 0.402446 0.014650 0.047199
