0 0.754754 0.585267 0.017213 0.072531
0 0.307116 0.610171 0.016787 0.089406
0 0.384500 0.945123 0.024170 0.107814
0 0.866397 0.580557 0.036704 0.067599
0 0.204053 0.629155 0.028480 0.082483
0 0.515344 0.660314 0.029679 0.067683
0 0.796962 0.482607 0.015441 0.065202
0 0.699665 0.492156 0.023381 0.068175
0 0.109071 0.943590 0.030303 0.110969
0 0.656640 0.465961 0.020737 0.067163
0 0.165775 0.360757 0.011436 0.050601
0 0.169990 0.534462 0.017575 0.069650
0 0.134917 0.517792 0.015565 0.063524
0 0.309206 0.426649 0.012851 0.055127
0 0.431869 0.539740 0.016899 0.077923
0 0.729597 0.650831 0.028099 0.066202
0 0.549249 0.452123 0.013167 0.061396
0 0.431925 0.382413 0.012752 0.046455
0 0.522029 0.509022 0.015420 0.047240
0 0.447798 0.551176 0.022259 0.068141
0 0.363085 0.404439 0.017783 0.057563
