0 0.240403 0.574739 0.026149 0.076410
0 0.168585 0.595285 0.021045 0.081683
0 0.653100 0.662703 0.019238 0.079682
0 0.183197 0.340007 0.015623 0.054529
0 0.176075 0.497023 0.020776 0.081616
0 0.969963 0.804999 0.028417 0.095301
0 0.212798 0.921717 0.021999 0.110125
0 0.484990 0.943245 0.026600 0.111659
0 0.443896 0.639482 0.020623 0.074846
0 0.318315 0.406845 0.013459 0.063528
0 0.646663 0.865242 0.021518 0.080321
0 0.462534 0.374495 0.012101 0.050507
0 0.717698 0.502072 0.015364 0.071653
0 0.641231 0.494105 0.018970 0.123242
0 0.633721 0.528080 0.017675 0.071177
0 0.348476 0.390184 0.014257 0.053625
