0 0.182148 0.597397 0.018694 0.076588
0 0.718079 0.491279 0.022621 0.067787
0 0.245931 0.906080 0.020239 0.101894
0 0.671547 0.663011 0.021064 0.076091
0 0.194534 0.491767 0.018607 0.076426
0 0.185232 0.598283 0.017652 0.078293
0 0.206141 0.341040 0.012559 0.056076
0 0.645877 0.499801 0.019595 0.099855
0 0.334083 0.405708 0.010816 0.050707
0 0.467677 0.642592 0.019320 0.060347
0 0.237556 0.571862 0.026331 0.075353
0 0.969704 0.796299 0.023999 0.085670
0 0.780533 0.472809 0.023516 0.079233
0 0.384904 0.509632 0.016160 0.063740
0 0.361035 0.974485 0.027149 0.049178
0 0.504055 0.931374 0.024162 0.112463
0 0.665187 0.854102 0.020777 0.077055
0 0.363382 0.384822 0.013227 0.067244
