0 0.832584 0.538010 0.015451 0.049059
0 0.184608 0.636238 0.011746 0.066495
0 0.006828 0.860504 0.013425 0.094679
0 0.298395 0.426025 0.011580 0.046381
0 0.934253 0.601961 0.017527 0.045104
0 0.722203 0.430002 0.012691 0.036162
0 0.405351 0.414848 0.008879 0.041224
0 0.449052 0.750075 0.015779 0.061438
0 0.506399 0.538125 0.011956 0.050488
0 0.421258 0.536300 0.010931 0.045988
0 0.086912 0.946560 0.023463 0.070752
0 0.200691 0.625801 0.013199 0.068771
0 0.276330 0.455752 0.012731 0.047326
0 0.601801 0.611896 0.013972 0.051784
