0 0.078173 0.949422 0.024183 0.099304
0 0.128511 0.518864 0.017180 0.077634
0 0.975940 0.799711 0.022893 0.100863
0 0.708553 0.448866 0.024600 0.069300
0 0.194092 0.727902 0.020499 0.092133
0 0.340051 0.593361 0.017202 0.078058
0 0.188140 0.492021 0.019908 0.073260
0 0.846039 0.627178 0.017456 0.085039
0 0.658896 0.435688 0.016774 0.067234
0 0.292727 0.685054 0.021811 0.093872
0 0.473562 0.367970 0.014508 0.054638
0 0.700749 0.815571 0.026299 0.092368
0 0.534579 0.458523 0.014739 0.064989
0 0.679307 0.403633 0.018838 0.067875
0 0.494580 0.636312 0.032241 0.078764
0 0.411630 0.402086 0.016379 0.114251
0 0.411848 0.421644 0.015435 0.080033
0 0.202114 0.311290 0.013389 0.054883
0 0.374482 0.959023 0.019413 0.080102
0 0.626406 0.359207 0.013457 0.048149
0 0.995864 0.381015 0.007230 0.055630
