0 0.132249 0.526396 0.018878 0.079913
0 0.082637 0.948040 0.021855 0.102069
0 0.651489 0.676343 0.018516 0.083287
0 0.136602 0.759155 0.032387 0.096921
0 0.835735 0.677781 0.033059 0.098733
0 0.412931 0.640554 0.018802 0.088017
0 0.434019 0.413386 0.019096 0.108401
0 0.770857 0.467106 0.018223 0.066321
0 0.569735 0.885948 0.020994 0.087120
0 0.213725 0.503126 0.019153 0.070859
0 0.545324 0.658411 0.027983 0.072189
0 0.558521 0.487383 0.015772 0.064913
0 0.356427 0.691671 0.033833 0.070575
0 0.710302 0.406373 0.016198 0.059582
0 0.689184 0.440915 0.013671 0.057040
0 0.505173 0.377598 0.012236 0.059348
0 0.391262 0.958389 0.028443 0.081369
