3 0.195747 0.599537 0.026910 0.091049
3 0.249132 0.558642 0.024306 0.074074
3 0.249566 0.337963 0.023438 0.058642
3 0.402778 0.495370 0.029514 0.064815
3 0.474826 0.649691 0.024306 0.070988
3 0.217448 0.493827 0.009549 0.061728
3 0.228299 0.474537 0.013889 0.057099
3 0.358941 0.404321 0.014757 0.064815
3 0.391493 0.377315 0.020833 0.057099
3 0.500000 0.427469 0.019097 0.061728
3 0.527778 0.272377 0.017361 0.038580
3 0.583767 0.311728 0.016493 0.049383
3 0.685330 0.653549 0.025174 0.069444
3 0.719184 0.486883 0.023438 0.057099
3 0.658854 0.468364 0.017361 0.044753
3 0.656684 0.504630 0.019965 0.037037
3 0.572483 0.514660 0.016493 0.050926
3 0.557726 0.503858 0.016493 0.060185
0 0.588542 0.413580 0.010417 0.018519
3 0.763021 0.462191 0.019097 0.057099
3 0.783420 0.456019 0.028646 0.075617
4 0.290799 0.250772 0.017361 0.047840
4 0.513455 0.371142 0.023437 0.057099
4 0.951823 0.783179 0.030382 0.100309
1 0.300347 0.875772 0.015625 0.091049
1 0.539062 0.900463 0.024306 0.100309
1 0.691840 0.842593 0.038194 0.086420
