3 0.258681 0.591049 0.019097 0.064815
3 0.353299 0.530864 0.024306 0.061728
3 0.367188 0.442130 0.013889 0.047840
3 0.433594 0.424383 0.013021 0.061728
3 0.481337 0.311728 0.009549 0.037037
3 0.532552 0.717593 0.021701 0.064815
3 0.580295 0.520062 0.016493 0.058642
3 0.622396 0.532407 0.015625 0.058642
3 0.598958 0.422840 0.010417 0.043210
3 0.567274 0.414352 0.013021 0.044753
3 0.612847 0.359568 0.012153 0.046296
3 0.773872 0.639660 0.018229 0.063272
3 0.789497 0.527006 0.018229 0.060185
3 0.834635 0.530864 0.014757 0.058642
3 0.825521 0.442130 0.013889 0.054012
3 0.793403 0.458333 0.015625 0.046296
3 0.796007 0.424383 0.010417 0.027778
3 0.760417 0.351852 0.008681 0.049383
3 0.784288 0.401235 0.013021 0.043210
3 0.782118 0.295525 0.017361 0.038580
4 0.555556 0.380401 0.008681 0.038580
4 0.421007 0.272377 0.013889 0.038580
4 0.941840 0.782407 0.019097 0.083333
2 0.108073 0.453704 0.011285 0.043210
0 0.122396 0.481481 0.010417 0.012346
1 0.449653 0.787037 0.012153 0.080247
1 0.843750 0.810185 0.026042 0.070988
1 0.705295 0.851852 0.019965 0.080247
