3 0.269531 0.641204 0.026910 0.084877
3 0.449653 0.716049 0.026042 0.074074
3 0.356337 0.540123 0.014757 0.061728
3 0.476997 0.480710 0.016493 0.060185
3 0.400174 0.316358 0.010417 0.040123
3 0.582899 0.518519 0.019965 0.067901
3 0.546875 0.411265 0.017361 0.047840
3 0.517795 0.347994 0.019965 0.044753
3 0.499566 0.392747 0.019965 0.044753
3 0.686198 0.476080 0.026910 0.047840
3 0.759549 0.522377 0.017361 0.063272
3 0.779514 0.509259 0.022569 0.052469
3 0.703125 0.287809 0.010417 0.041667
3 0.722656 0.341821 0.018229 0.044753
3 0.763455 0.454475 0.018229 0.047840
3 0.347222 0.455247 0.019097 0.046296
3 0.331597 0.444444 0.015625 0.049383
3 0.754340 0.421296 0.010417 0.046296
3 0.762153 0.408951 0.015625 0.040123
3 0.704427 0.652778 0.032118 0.077160
4 0.588976 0.378086 0.021701 0.052469
4 0.414497 0.278549 0.011285 0.044753
4 0.875434 0.793210 0.019965 0.098765
2 0.147135 0.461420 0.019965 0.058642
0 0.164931 0.488426 0.012153 0.023148
1 0.493924 0.815586 0.026042 0.084877
1 0.835938 0.820216 0.024306 0.091049
1 0.704861 0.860340 0.027778 0.094136
