3 0.190972 0.449074 0.022569 0.049383
3 0.215712 0.354167 0.014757 0.038580
3 0.260417 0.341821 0.015625 0.038580
3 0.354601 0.422840 0.014757 0.049383
3 0.350694 0.469907 0.022569 0.047840
3 0.305556 0.547068 0.024306 0.057099
3 0.370660 0.543981 0.020833 0.054012
3 0.421875 0.626543 0.022569 0.046296
3 0.511719 0.677469 0.028646 0.074074
3 0.526476 0.558642 0.023438 0.049383
3 0.519531 0.485340 0.013021 0.047840
3 0.490885 0.468364 0.016493 0.057099
3 0.569010 0.544753 0.019965 0.061728
3 0.704427 0.550926 0.014757 0.058642
3 0.696615 0.413580 0.018229 0.040123
3 0.667969 0.458333 0.016493 0.058642
3 0.678819 0.518519 0.017361 0.055556
2 0.800781 0.374228 0.016493 0.047840
3 0.566840 0.375000 0.010417 0.046296
3 0.196615 0.618056 0.018229 0.060185
3 0.213976 0.622685 0.014757 0.066358
4 0.440538 0.418981 0.016493 0.044753
4 0.866319 0.651235 0.017361 0.067901
0 0.408420 0.597222 0.013021 0.015432
1 0.101562 0.828704 0.024306 0.101852
1 0.528212 0.763889 0.033854 0.092593
1 0.315104 0.837963 0.020833 0.104938
4 0.174913 0.294753 0.014757 0.046296
