2 0.094618 0.452160 0.020833 0.052469
0 0.181424 0.543981 0.013889 0.020062
3 0.266493 0.594907 0.017361 0.060185
3 0.344184 0.576389 0.025174 0.072531
3 0.360243 0.453704 0.017361 0.046296
3 0.416667 0.456790 0.015625 0.055556
3 0.522135 0.328704 0.016493 0.040123
3 0.533854 0.728395 0.017361 0.074074
3 0.606771 0.567130 0.015625 0.072531
3 0.650174 0.575617 0.020833 0.070988
3 0.763889 0.662809 0.022569 0.072531
3 0.641493 0.456019 0.020833 0.066358
3 0.657118 0.381944 0.015625 0.054012
3 0.777344 0.290123 0.011285 0.037037
3 0.791233 0.361111 0.018229 0.040123
3 0.808594 0.422840 0.013021 0.055556
3 0.825521 0.404321 0.013889 0.055556
3 0.845920 0.489969 0.013021 0.050926
3 0.844618 0.452160 0.017361 0.033951
3 0.594184 0.441358 0.013021 0.058642
4 0.599826 0.395062 0.013889 0.046296
4 0.436632 0.280093 0.013889 0.032407
3 0.820747 0.554012 0.011285 0.064815
3 0.836372 0.549383 0.016493 0.055556
1 0.438368 0.787809 0.027778 0.087963
1 0.790799 0.785494 0.024306 0.074074
