3 0.188368 0.337191 0.015625 0.057099
3 0.316840 0.411265 0.020833 0.063272
3 0.385851 0.520062 0.021701 0.083333
3 0.438368 0.639660 0.027778 0.078704
3 0.174045 0.592593 0.023438 0.083333
3 0.251736 0.577160 0.032986 0.080247
3 0.645399 0.653549 0.033854 0.075617
3 0.628038 0.539352 0.028646 0.078704
3 0.471354 0.529321 0.024306 0.064815
3 0.522135 0.499228 0.023438 0.075617
3 0.499566 0.438272 0.014757 0.067901
3 0.168837 0.494599 0.014757 0.072531
3 0.189236 0.504630 0.026042 0.058642
3 0.555556 0.307099 0.019097 0.058642
3 0.453559 0.259259 0.013021 0.049383
3 0.643229 0.462963 0.024306 0.086420
3 0.717014 0.504630 0.022569 0.080247
3 0.751736 0.489198 0.027778 0.077160
3 0.782118 0.456790 0.031250 0.083333
4 0.457465 0.375000 0.013889 0.064815
0 0.452257 0.473765 0.013889 0.021605
4 0.965278 0.797840 0.026042 0.104938
4 0.217014 0.226080 0.015625 0.044753
1 0.207031 0.927469 0.028646 0.111111
1 0.641059 0.874228 0.023438 0.106481
1 0.476997 0.939043 0.030382 0.112654
