3 0.214844 0.446759 0.013021 0.054012
3 0.232639 0.356481 0.013889 0.046296
3 0.271267 0.339506 0.013021 0.049383
3 0.372830 0.484568 0.016493 0.055556
3 0.376736 0.422840 0.012153 0.049383
3 0.407118 0.580247 0.022569 0.061728
3 0.406250 0.655093 0.019097 0.063272
3 0.490451 0.697531 0.027778 0.061728
3 0.517795 0.564815 0.016493 0.058642
3 0.498698 0.473765 0.016493 0.058642
3 0.528646 0.492284 0.017361 0.052469
3 0.597656 0.546296 0.018229 0.061728
3 0.703993 0.564043 0.013889 0.057099
3 0.678819 0.516975 0.019097 0.064815
3 0.691406 0.463735 0.023437 0.050926
3 0.701823 0.415123 0.018229 0.052469
3 0.585938 0.378086 0.013889 0.052469
3 0.306424 0.577160 0.029514 0.055556
3 0.264323 0.605710 0.016493 0.060185
3 0.279080 0.601080 0.021701 0.066358
0 0.299913 0.621914 0.007813 0.021605
4 0.444878 0.426698 0.013021 0.054012
4 0.879340 0.664352 0.020833 0.075617
4 0.212240 0.292438 0.014757 0.029321
1 0.138021 0.819444 0.022569 0.095679
1 0.349826 0.827932 0.027778 0.081790
1 0.559896 0.749228 0.020833 0.091049
2 0.826823 0.376543 0.019965 0.061728
