3 0.190538 0.642747 0.021701 0.081790
3 0.258681 0.628086 0.019097 0.077160
3 0.103299 0.533951 0.010417 0.067901
3 0.125000 0.551698 0.024306 0.066358
3 0.126736 0.389660 0.017361 0.054012
3 0.278646 0.433642 0.017361 0.074074
3 0.325087 0.413580 0.014757 0.070988
3 0.339844 0.301698 0.013021 0.050926
3 0.460938 0.327932 0.010417 0.050926
3 0.403646 0.542438 0.017361 0.069444
3 0.438368 0.553241 0.013889 0.066358
3 0.510417 0.512346 0.015625 0.055556
3 0.509115 0.442901 0.014757 0.064815
3 0.555556 0.652006 0.019097 0.063272
3 0.707465 0.655093 0.017361 0.081790
3 0.796875 0.584877 0.032986 0.070988
3 0.908854 0.596451 0.022569 0.075617
3 0.659288 0.472222 0.023438 0.067901
3 0.610243 0.457562 0.020833 0.060185
3 0.730903 0.445216 0.019097 0.069444
0 0.966146 0.618056 0.013889 0.016975
2 0.981337 0.382716 0.026910 0.067901
4 0.960503 0.708333 0.023438 0.080247
4 0.398438 0.400463 0.017361 0.060185
4 0.118490 0.254630 0.019965 0.046296
1 0.056858 0.912037 0.028646 0.108025
1 0.525174 0.820988 0.027778 0.070988
