3 0.162326 0.630401 0.017361 0.072531
3 0.190972 0.623457 0.019097 0.074074
3 0.103733 0.566358 0.016493 0.058642
3 0.137153 0.556327 0.015625 0.050926
3 0.105035 0.439043 0.017361 0.047840
3 0.272135 0.469136 0.018229 0.055556
3 0.300781 0.425154 0.013021 0.044753
3 0.246094 0.357253 0.021701 0.044753
3 0.307726 0.354938 0.025174 0.040123
3 0.442708 0.462963 0.012153 0.055556
3 0.375434 0.539352 0.021701 0.075617
3 0.530816 0.533951 0.019965 0.064815
3 0.625868 0.604167 0.020833 0.063272
3 0.552951 0.601080 0.020833 0.057099
3 0.832465 0.558642 0.022569 0.061728
3 0.793403 0.535494 0.015625 0.061728
3 0.626736 0.472222 0.022569 0.049383
3 0.604601 0.384259 0.016493 0.040123
3 0.758247 0.421296 0.019965 0.049383
3 0.815104 0.409722 0.013889 0.054012
3 0.544705 0.497685 0.013021 0.054012
0 0.536458 0.428241 0.015625 0.016975
4 0.410156 0.422068 0.016493 0.050926
4 0.918837 0.608796 0.023438 0.072531
4 0.071615 0.302469 0.016493 0.037037
1 0.429688 0.749228 0.024306 0.078704
1 0.223524 0.848765 0.033854 0.123457
