2 0.145321 0.466605 0.031830 0.076067
3 0.253595 0.640538 0.029221 0.084416
3 0.440399 0.720779 0.025046 0.074212
3 0.341518 0.546382 0.022437 0.066790
3 0.297948 0.477737 0.013567 0.064935
3 0.325603 0.452690 0.014610 0.051948
3 0.393698 0.328850 0.010958 0.039889
3 0.493883 0.365955 0.015132 0.049165
3 0.463097 0.401670 0.022437 0.044527
3 0.462836 0.496289 0.026090 0.061224
3 0.570849 0.514842 0.016698 0.068646
3 0.632943 0.502319 0.021916 0.060297
3 0.707299 0.653061 0.030786 0.074212
3 0.795744 0.519481 0.021916 0.063080
3 0.762088 0.505102 0.021394 0.058442
3 0.697385 0.339981 0.020350 0.047310
3 0.672861 0.293135 0.013045 0.044527
3 0.736259 0.430427 0.018785 0.051948
3 0.762871 0.427644 0.014610 0.046382
3 0.759218 0.467996 0.013567 0.038033
3 0.542672 0.423469 0.014610 0.065863
0 0.458662 0.370130 0.012523 0.016698
4 0.595373 0.380798 0.013567 0.049165
4 0.900887 0.784323 0.029743 0.088126
4 0.404917 0.282004 0.012523 0.033395
1 0.470402 0.820965 0.020350 0.087199
1 0.817921 0.824675 0.019307 0.081633
1 0.678861 0.863173 0.020872 0.076994
