3 0.275174 0.631173 0.024306 0.083333
3 0.354601 0.530093 0.021701 0.063272
3 0.339844 0.442901 0.013021 0.052469
3 0.397569 0.435185 0.019097 0.067901
3 0.473090 0.713735 0.034722 0.087963
3 0.504340 0.489969 0.027778 0.066358
3 0.414497 0.314815 0.019965 0.040123
3 0.528646 0.407407 0.013889 0.049383
3 0.571615 0.416667 0.018229 0.046296
3 0.601128 0.523148 0.016493 0.061728
3 0.548177 0.347222 0.011285 0.040123
3 0.732639 0.287037 0.008681 0.037037
3 0.719618 0.645062 0.031250 0.074074
3 0.764323 0.524691 0.013021 0.067901
3 0.726997 0.453704 0.013021 0.046296
3 0.775174 0.431327 0.013889 0.060185
3 0.789062 0.523148 0.020833 0.058642
3 0.755642 0.449846 0.014757 0.050926
3 0.732639 0.343364 0.013889 0.032407
3 0.751736 0.401235 0.022569 0.049383
4 0.559896 0.375000 0.012153 0.040123
4 0.414497 0.275463 0.016493 0.038580
4 0.884983 0.793981 0.042535 0.097222
1 0.481771 0.799383 0.027778 0.077160
1 0.704427 0.855710 0.028646 0.075617
1 0.844618 0.814043 0.027778 0.078704
0 0.149740 0.479938 0.014757 0.021605
2 0.131076 0.460648 0.019097 0.060185
