3 0.233505 0.311688 0.018263 0.063080
3 0.231157 0.506030 0.027134 0.075139
3 0.133842 0.525510 0.021394 0.078850
3 0.105143 0.759276 0.028699 0.101113
3 0.337865 0.694341 0.031830 0.080705
3 0.431267 0.801020 0.026612 0.091837
3 0.548411 0.776438 0.024003 0.098330
3 0.441182 0.645176 0.024525 0.091837
3 0.540845 0.655380 0.029743 0.093692
3 0.652771 0.649814 0.024003 0.089981
3 0.802789 0.671150 0.036004 0.099258
3 0.564065 0.489796 0.028177 0.074212
3 0.452922 0.432282 0.018785 0.066790
3 0.521539 0.377551 0.019307 0.063080
3 0.704429 0.437384 0.016698 0.078850
3 0.788178 0.477737 0.019307 0.076067
3 0.729737 0.409091 0.023481 0.076067
3 0.677557 0.359926 0.019307 0.055659
3 0.652510 0.325603 0.015132 0.057514
3 0.543976 0.225881 0.018263 0.047310
4 0.458401 0.379406 0.022437 0.064935
4 0.181325 0.223098 0.015132 0.043599
1 0.111143 0.939549 0.020872 0.120284
1 0.580502 0.872913 0.028699 0.090909
0 0.322211 0.809833 0.013045 0.024119
