3 0.199219 0.601852 0.030382 0.074074
3 0.305122 0.580247 0.035590 0.086420
3 0.175347 0.500000 0.019097 0.074074
3 0.203559 0.507716 0.021701 0.070988
3 0.200087 0.344136 0.018229 0.055556
3 0.329427 0.413580 0.019965 0.067901
3 0.375434 0.398148 0.019965 0.061728
3 0.424913 0.521605 0.021701 0.089506
3 0.462674 0.533951 0.020833 0.077160
3 0.455729 0.634259 0.029514 0.080247
3 0.674479 0.643519 0.031250 0.061728
3 0.652778 0.557870 0.026042 0.072531
3 0.527344 0.497685 0.016493 0.072531
3 0.536024 0.444444 0.018229 0.064815
3 0.576823 0.312500 0.016493 0.060185
3 0.453125 0.260802 0.015625 0.061728
3 0.655382 0.472222 0.027778 0.067901
3 0.745660 0.540895 0.026042 0.078704
3 0.790799 0.477623 0.020833 0.075617
3 0.730903 0.491512 0.019097 0.075617
0 0.669705 0.409722 0.013021 0.029321
4 0.950955 0.800926 0.039062 0.108025
4 0.456163 0.375000 0.025174 0.058642
4 0.223090 0.227623 0.017361 0.044753
1 0.191840 0.925154 0.039931 0.109568
1 0.460069 0.934414 0.029514 0.118827
1 0.630642 0.867284 0.033854 0.104938
