3 0.198351 0.347994 0.016493 0.060185
3 0.170139 0.496914 0.019097 0.080247
3 0.203125 0.598765 0.022569 0.080247
3 0.204861 0.512346 0.019097 0.074074
3 0.317274 0.584877 0.028646 0.083333
3 0.327257 0.417438 0.022569 0.066358
3 0.379774 0.398148 0.018229 0.070988
3 0.448351 0.266975 0.018229 0.052469
3 0.573785 0.309414 0.017361 0.057099
3 0.539931 0.449846 0.015625 0.069444
3 0.427083 0.529321 0.017361 0.080247
3 0.463108 0.640432 0.019965 0.080247
3 0.455729 0.537809 0.020833 0.075617
3 0.521267 0.504630 0.023438 0.067901
3 0.690104 0.642747 0.020833 0.066358
3 0.663194 0.561728 0.032986 0.070988
3 0.654948 0.466821 0.023438 0.069444
3 0.762587 0.546296 0.025174 0.077160
3 0.788628 0.472994 0.026910 0.078704
3 0.722222 0.496914 0.022569 0.080247
0 0.731771 0.433642 0.013889 0.015432
4 0.954861 0.796296 0.036458 0.101852
1 0.179253 0.925154 0.025174 0.121914
1 0.623264 0.872685 0.026042 0.103395
4 0.215278 0.223765 0.022569 0.046296
4 0.453559 0.379630 0.023438 0.055556
1 0.451389 0.936728 0.032986 0.104938
