3 0.202980 0.318182 0.020872 0.061224
3 0.193327 0.497217 0.027655 0.077922
3 0.133581 0.516698 0.025046 0.076067
3 0.194370 0.730519 0.024525 0.093692
3 0.293773 0.694805 0.038613 0.094620
3 0.357433 0.597403 0.034439 0.081633
3 0.515016 0.646568 0.026090 0.087199
3 0.414570 0.429035 0.023481 0.071429
3 0.542411 0.460111 0.030786 0.066790
3 0.479795 0.366419 0.026612 0.072356
3 0.505363 0.235158 0.013045 0.052876
3 0.585198 0.310761 0.024525 0.068646
3 0.636856 0.357607 0.017219 0.060297
3 0.663990 0.437384 0.020350 0.071429
3 0.687471 0.401670 0.020350 0.068646
3 0.725301 0.454082 0.027134 0.075139
3 0.857317 0.639147 0.034439 0.087199
3 0.680688 0.809833 0.043309 0.094620
3 0.651728 0.726809 0.032352 0.069573
3 0.659816 0.695269 0.046440 0.089981
0 0.653815 0.849722 0.009392 0.022263
4 0.411178 0.366883 0.018785 0.062152
4 0.975765 0.799165 0.035482 0.110390
4 0.169585 0.227273 0.025046 0.046382
1 0.078009 0.943414 0.033917 0.111317
1 0.567196 0.904453 0.039657 0.120594
1 0.391611 0.953154 0.054789 0.093692
