3 0.132812 0.418210 0.017361 0.055556
3 0.202691 0.637346 0.018229 0.064815
3 0.244792 0.620370 0.022569 0.074074
3 0.278212 0.442130 0.014757 0.054012
3 0.312066 0.422840 0.018229 0.049383
3 0.319878 0.332562 0.013021 0.041667
3 0.404948 0.347994 0.016493 0.047840
3 0.483941 0.448302 0.014757 0.057099
3 0.502604 0.513889 0.017361 0.052469
3 0.445312 0.545525 0.019097 0.060185
3 0.399306 0.540895 0.019097 0.066358
3 0.117188 0.540123 0.012153 0.061728
3 0.135417 0.557099 0.022569 0.058642
3 0.576389 0.630401 0.019097 0.069444
3 0.684896 0.651235 0.027778 0.061728
3 0.795139 0.571759 0.019097 0.066358
3 0.572049 0.449846 0.019097 0.054012
3 0.637587 0.452932 0.018229 0.054012
3 0.672309 0.439043 0.011285 0.057099
0 0.907118 0.599537 0.008681 0.020062
3 0.887153 0.586420 0.020833 0.083333
2 0.889323 0.395833 0.019965 0.044753
4 0.900174 0.662037 0.029514 0.055556
4 0.382812 0.409722 0.020833 0.060185
4 0.115017 0.291667 0.014757 0.033951
1 0.056858 0.853395 0.018229 0.089506
1 0.487847 0.771605 0.022569 0.067901
