3 0.096533 0.762987 0.025046 0.106679
3 0.134103 0.525510 0.026090 0.076994
3 0.241593 0.506494 0.021916 0.074212
3 0.245768 0.309833 0.017741 0.070501
3 0.327690 0.695269 0.035482 0.080705
3 0.414831 0.801948 0.021916 0.089981
3 0.533018 0.776438 0.025568 0.089054
3 0.456575 0.655380 0.032352 0.101113
3 0.546585 0.653989 0.034961 0.094620
3 0.661642 0.645640 0.027134 0.081633
3 0.791309 0.663729 0.028699 0.091837
3 0.794440 0.482375 0.023481 0.066790
3 0.564326 0.490260 0.025568 0.075139
3 0.461793 0.435993 0.030264 0.070501
3 0.712517 0.439703 0.016176 0.077922
3 0.739390 0.403525 0.026090 0.068646
3 0.687993 0.364564 0.018263 0.059369
3 0.659555 0.325139 0.018785 0.062152
3 0.528844 0.369666 0.020350 0.064007
3 0.553108 0.228200 0.016698 0.055659
4 0.470141 0.374304 0.020872 0.062152
1 0.124449 0.937384 0.022437 0.112245
1 0.585198 0.874768 0.024525 0.102041
4 0.186543 0.222635 0.016176 0.048237
0 0.255160 0.799165 0.017741 0.028757
