3 0.101128 0.438272 0.016493 0.052469
3 0.099826 0.564815 0.017361 0.055556
3 0.125434 0.561728 0.013021 0.055556
3 0.160156 0.633488 0.014757 0.069444
3 0.187500 0.628858 0.015625 0.072531
3 0.265191 0.464506 0.018229 0.046296
3 0.384549 0.537809 0.020833 0.050926
3 0.559028 0.600309 0.015625 0.058642
3 0.630642 0.608796 0.013021 0.060185
3 0.444010 0.458333 0.014757 0.046296
3 0.523438 0.528549 0.015625 0.057099
3 0.540365 0.490741 0.013021 0.046296
3 0.618924 0.478395 0.017361 0.061728
3 0.606771 0.390432 0.013889 0.040123
3 0.792535 0.533951 0.017361 0.061728
3 0.841580 0.559414 0.023438 0.060185
3 0.753906 0.418210 0.013021 0.046296
2 0.815104 0.415123 0.017361 0.052469
4 0.410156 0.418210 0.016493 0.043210
4 0.073351 0.307870 0.014757 0.038580
3 0.294705 0.424383 0.014757 0.043210
3 0.246528 0.355710 0.015625 0.044753
3 0.304253 0.349537 0.013021 0.041667
4 0.924479 0.597222 0.019097 0.052469
1 0.432292 0.763889 0.019097 0.098765
1 0.205729 0.851852 0.029514 0.067901
