2 0.126302 0.464506 0.019965 0.070988
0 0.507812 0.364198 0.010417 0.030864
3 0.260851 0.638889 0.025174 0.067901
3 0.449653 0.707562 0.022569 0.069444
3 0.334201 0.545525 0.022569 0.066358
3 0.294705 0.477623 0.018229 0.054012
3 0.319010 0.459105 0.018229 0.050926
3 0.383681 0.330247 0.015625 0.037037
3 0.457899 0.489198 0.018229 0.070988
3 0.448785 0.398148 0.020833 0.061728
3 0.483507 0.365741 0.017361 0.049383
3 0.535156 0.425154 0.014757 0.047840
3 0.565538 0.518519 0.028646 0.061728
3 0.625000 0.496914 0.022569 0.055556
3 0.662326 0.293981 0.013889 0.044753
3 0.685764 0.344907 0.015625 0.044753
3 0.701389 0.652778 0.027778 0.058642
3 0.775174 0.512346 0.027778 0.061728
3 0.728733 0.436728 0.023438 0.052469
3 0.756076 0.429784 0.013889 0.050926
3 0.744358 0.503858 0.018229 0.057099
3 0.758247 0.474537 0.028646 0.038580
4 0.590712 0.385031 0.021701 0.054012
4 0.403212 0.280864 0.018229 0.043210
4 0.892795 0.778549 0.040799 0.100309
1 0.457031 0.829475 0.026910 0.097222
1 0.667101 0.857253 0.023438 0.072531
1 0.804253 0.820988 0.030382 0.086420
