3 0.105903 0.441358 0.015625 0.046296
3 0.103733 0.554784 0.014757 0.057099
3 0.124132 0.557099 0.013889 0.058642
3 0.176215 0.634259 0.017361 0.067901
3 0.196615 0.623457 0.018229 0.080247
3 0.268663 0.455247 0.016493 0.052469
3 0.293403 0.422068 0.015625 0.047840
3 0.272569 0.348765 0.019097 0.049383
3 0.322917 0.349537 0.010417 0.054012
4 0.404514 0.415895 0.017361 0.044753
3 0.414062 0.540123 0.017361 0.055556
3 0.453993 0.455247 0.017361 0.046296
3 0.509115 0.535494 0.016493 0.052469
3 0.586806 0.607253 0.022569 0.063272
3 0.658420 0.614969 0.019965 0.069444
3 0.529080 0.489969 0.016493 0.041667
3 0.595052 0.464506 0.016493 0.052469
3 0.625868 0.398920 0.017361 0.044753
3 0.725694 0.425926 0.013889 0.043210
3 0.821181 0.534722 0.019097 0.057099
3 0.889757 0.564815 0.020833 0.061728
4 0.929253 0.600309 0.016493 0.049383
0 0.841580 0.437500 0.006076 0.013889
2 0.834201 0.417438 0.013889 0.038580
2 0.075087 0.304012 0.011285 0.033951
1 0.440104 0.756173 0.032986 0.067901
1 0.216146 0.833333 0.027778 0.043210
