3 0.152778 0.442130 0.022569 0.047840
3 0.239583 0.513889 0.013889 0.052469
3 0.286024 0.516204 0.018229 0.057099
3 0.332899 0.468364 0.014757 0.050926
3 0.288628 0.348765 0.009549 0.037037
3 0.235243 0.353395 0.015625 0.040123
3 0.423611 0.513889 0.019097 0.052469
3 0.470920 0.583333 0.023438 0.049383
3 0.542535 0.628858 0.020833 0.057099
3 0.648872 0.459877 0.014757 0.061728
3 0.572917 0.376543 0.010417 0.043210
3 0.738715 0.408951 0.017361 0.046296
3 0.152778 0.613426 0.019097 0.066358
3 0.180122 0.616512 0.023438 0.063272
3 0.746962 0.538580 0.018229 0.052469
3 0.724826 0.530093 0.017361 0.072531
3 0.528212 0.531636 0.016493 0.060185
3 0.492188 0.479938 0.020833 0.046296
3 0.518663 0.479938 0.011285 0.055556
3 0.341580 0.424383 0.019965 0.046296
0 0.505208 0.527006 0.005208 0.023148
2 0.800347 0.387346 0.013889 0.040123
1 0.478733 0.750772 0.025174 0.075617
4 0.887587 0.629630 0.023438 0.077160
4 0.437500 0.412037 0.015625 0.055556
4 0.121962 0.299383 0.019965 0.040123
1 0.041233 0.846451 0.025174 0.084877
1 0.263021 0.841821 0.027778 0.066358
