3 0.124132 0.518519 0.024306 0.067901
3 0.154948 0.532407 0.018229 0.070988
3 0.201389 0.632716 0.019097 0.083333
3 0.292969 0.617284 0.016493 0.086420
3 0.537326 0.658951 0.027778 0.074074
3 0.355035 0.401235 0.020833 0.067901
3 0.302517 0.423611 0.019965 0.075617
3 0.152778 0.373457 0.012153 0.055556
3 0.735243 0.652778 0.020833 0.064815
3 0.776476 0.581019 0.023438 0.072531
3 0.899740 0.585648 0.032118 0.078704
3 0.795139 0.469136 0.015625 0.067901
3 0.697917 0.487654 0.022569 0.074074
3 0.653212 0.459105 0.025174 0.063272
3 0.525174 0.516204 0.013889 0.054012
3 0.544705 0.448302 0.016493 0.072531
3 0.426215 0.537809 0.019097 0.072531
3 0.457899 0.547840 0.033854 0.070988
3 0.526042 0.317130 0.012153 0.050926
3 0.388889 0.280864 0.015625 0.043210
0 0.990451 0.589506 0.010417 0.024691
4 0.427083 0.388117 0.024306 0.063272
4 0.158420 0.226852 0.009549 0.040123
1 0.091146 0.937500 0.031250 0.106481
1 0.577691 0.858796 0.025174 0.069444
1 0.366753 0.939043 0.025174 0.103395
