3 0.224635 0.314935 0.018263 0.064007
3 0.135407 0.528757 0.024525 0.077922
3 0.224635 0.506957 0.019307 0.071429
3 0.115840 0.761596 0.025046 0.103896
3 0.348040 0.685529 0.038613 0.079777
3 0.430485 0.642393 0.028177 0.082560
3 0.451878 0.808905 0.028177 0.081633
3 0.573197 0.785250 0.039135 0.084416
3 0.541367 0.656308 0.025568 0.086271
3 0.652250 0.659555 0.027134 0.100186
3 0.817660 0.678108 0.039657 0.098330
3 0.780351 0.471243 0.031830 0.077922
3 0.698429 0.440167 0.019307 0.069573
3 0.563544 0.493043 0.018785 0.078850
3 0.444834 0.432746 0.017219 0.069573
3 0.514755 0.374304 0.018263 0.062152
3 0.645205 0.324212 0.021394 0.045455
3 0.674165 0.365028 0.016698 0.058442
3 0.723475 0.409555 0.019307 0.075139
3 0.535627 0.229128 0.015132 0.050093
4 0.452400 0.382189 0.019828 0.055659
4 0.177412 0.231447 0.016698 0.045455
1 0.094707 0.942022 0.028699 0.115955
1 0.575023 0.877087 0.035482 0.089981
0 0.410656 0.830241 0.017741 0.025974
