3 0.203241 0.315863 0.024525 0.058442
3 0.187848 0.490260 0.025046 0.089981
3 0.129928 0.516234 0.033395 0.097403
3 0.197240 0.730519 0.039657 0.114100
3 0.292730 0.690631 0.053224 0.125232
3 0.339170 0.587199 0.025046 0.102041
3 0.415353 0.429499 0.022959 0.064935
3 0.533540 0.459647 0.031830 0.069573
3 0.498319 0.634972 0.049049 0.110390
3 0.704690 0.804731 0.047484 0.099258
3 0.844533 0.619666 0.040179 0.100186
3 0.710691 0.449907 0.035482 0.076067
3 0.657728 0.432746 0.021394 0.078850
3 0.679644 0.397032 0.023481 0.074212
3 0.627203 0.353432 0.025046 0.061224
3 0.579458 0.310297 0.027655 0.062152
3 0.503276 0.234230 0.016176 0.052876
3 0.473011 0.367347 0.022437 0.066790
3 0.638161 0.719388 0.022959 0.076994
3 0.621463 0.684137 0.027134 0.088126
4 0.408569 0.362245 0.024003 0.069573
4 0.976287 0.795455 0.032352 0.110390
4 0.168802 0.227273 0.018263 0.046382
0 0.643901 0.826531 0.029221 0.035250
1 0.076183 0.939239 0.048006 0.112245
1 0.558326 0.916976 0.054267 0.117811
1 0.372826 0.955318 0.046440 0.088745
