3 0.234375 0.614198 0.029514 0.074074
3 0.292535 0.544753 0.027778 0.064815
3 0.326389 0.324846 0.015625 0.047840
3 0.430556 0.481481 0.027778 0.074074
3 0.463976 0.671296 0.030382 0.070988
3 0.409288 0.395833 0.018229 0.050926
3 0.442274 0.364969 0.016493 0.050926
3 0.516493 0.424383 0.017361 0.064815
3 0.559028 0.498457 0.022569 0.052469
3 0.694444 0.643519 0.027778 0.070988
3 0.740017 0.479167 0.025174 0.060185
3 0.585938 0.489969 0.020833 0.054012
3 0.596354 0.288580 0.017361 0.046296
3 0.638021 0.329475 0.024306 0.041667
3 0.728299 0.436728 0.017361 0.058642
3 0.755208 0.429784 0.015625 0.047840
3 0.682292 0.472994 0.008681 0.054012
3 0.693142 0.484568 0.014757 0.049383
3 0.269097 0.473765 0.017361 0.046296
3 0.281684 0.456019 0.016493 0.047840
4 0.556424 0.376543 0.020833 0.052469
4 0.356771 0.265432 0.017361 0.037037
4 0.907986 0.779321 0.026042 0.095679
1 0.381510 0.830247 0.030382 0.086420
1 0.605035 0.869599 0.034722 0.100309
1 0.749566 0.830247 0.033854 0.080247
0 0.669271 0.443673 0.012153 0.023148
