3 0.203993 0.629630 0.024306 0.086420
3 0.132812 0.510802 0.017361 0.070988
3 0.167969 0.531636 0.019965 0.072531
3 0.307726 0.607253 0.023438 0.091049
3 0.519097 0.660494 0.029514 0.074074
3 0.363715 0.405864 0.017361 0.064815
3 0.305990 0.422840 0.014757 0.067901
3 0.163194 0.361883 0.013889 0.063272
3 0.401910 0.273920 0.019097 0.044753
3 0.537326 0.320988 0.020833 0.043210
3 0.427951 0.537037 0.022569 0.080247
3 0.453559 0.546296 0.019965 0.070988
3 0.521701 0.506173 0.017361 0.061728
3 0.550347 0.439815 0.017361 0.074074
3 0.657118 0.457562 0.020833 0.087963
3 0.700087 0.489198 0.023438 0.074074
3 0.733073 0.655864 0.025174 0.070988
3 0.755208 0.581790 0.027778 0.083333
3 0.794705 0.477623 0.016493 0.078704
3 0.870226 0.581790 0.033854 0.086420
0 0.964410 0.587191 0.019097 0.023148
4 0.983941 0.765432 0.025174 0.086420
4 0.427083 0.386574 0.029514 0.069444
4 0.170139 0.231481 0.019097 0.037037
1 0.102865 0.925926 0.044271 0.123457
1 0.581597 0.851852 0.022569 0.080247
