3 0.262153 0.637346 0.031250 0.086420
3 0.443142 0.722222 0.030382 0.074074
3 0.354601 0.535494 0.019965 0.070988
3 0.475260 0.486111 0.018229 0.077160
3 0.580729 0.518519 0.013889 0.055556
3 0.707465 0.652778 0.024306 0.077160
3 0.681424 0.482253 0.020833 0.072531
3 0.548177 0.414352 0.019965 0.054012
3 0.494792 0.391204 0.012153 0.050926
3 0.401910 0.316358 0.013889 0.033951
3 0.335069 0.445988 0.008681 0.052469
3 0.325521 0.459105 0.013889 0.044753
3 0.703993 0.289352 0.010417 0.047840
3 0.723090 0.337191 0.017361 0.050926
3 0.753038 0.425154 0.011285 0.047840
3 0.766059 0.457562 0.019965 0.060185
3 0.763455 0.525463 0.018229 0.063272
3 0.779514 0.509259 0.015625 0.055556
3 0.763889 0.413580 0.015625 0.043210
3 0.514757 0.353395 0.017361 0.040123
4 0.592014 0.381173 0.017361 0.058642
4 0.412760 0.276235 0.014757 0.040123
4 0.879340 0.789352 0.020833 0.078704
1 0.492188 0.820216 0.024306 0.087963
1 0.703993 0.856481 0.024306 0.089506
1 0.839410 0.824074 0.024306 0.074074
0 0.166233 0.493056 0.009549 0.016975
2 0.151042 0.463735 0.017361 0.050926
