3 0.273438 0.638889 0.022569 0.080247
3 0.461372 0.721451 0.044271 0.078704
3 0.356337 0.537809 0.025174 0.063272
3 0.480035 0.479938 0.017361 0.064815
3 0.588108 0.516975 0.025174 0.064815
3 0.703125 0.648148 0.022569 0.070988
3 0.400174 0.315586 0.017361 0.047840
3 0.503038 0.394290 0.014757 0.060185
3 0.521701 0.351852 0.012153 0.046296
3 0.335503 0.444444 0.011285 0.052469
3 0.352431 0.445216 0.024306 0.041667
3 0.690104 0.476080 0.020833 0.050926
3 0.549479 0.410494 0.015625 0.049383
3 0.705729 0.283951 0.017361 0.033951
3 0.725694 0.336420 0.015625 0.046296
3 0.759983 0.520062 0.014757 0.064815
3 0.781250 0.513889 0.026042 0.055556
3 0.761285 0.451389 0.013889 0.041667
3 0.753906 0.424383 0.014757 0.040123
3 0.759983 0.402778 0.013021 0.040123
4 0.414931 0.276235 0.015625 0.040123
4 0.585069 0.378858 0.012153 0.050926
4 0.874132 0.790895 0.024306 0.078704
1 0.835069 0.817901 0.022569 0.061728
1 0.494358 0.815586 0.018229 0.078704
2 0.144097 0.458333 0.015625 0.058642
0 0.164062 0.485340 0.013889 0.020062
1 0.704861 0.854938 0.027778 0.074074
