3 0.271267 0.614969 0.026910 0.066358
3 0.347656 0.527006 0.026910 0.057099
3 0.343750 0.444444 0.015625 0.058642
3 0.411024 0.429784 0.021701 0.044753
3 0.432292 0.307099 0.012153 0.046296
3 0.530382 0.496142 0.019097 0.054012
3 0.493924 0.716049 0.020833 0.070988
3 0.611545 0.525463 0.018229 0.066358
3 0.539497 0.404321 0.014757 0.052469
3 0.582465 0.417438 0.013889 0.054012
3 0.565972 0.351080 0.012153 0.047840
3 0.738715 0.650463 0.024306 0.075617
3 0.766059 0.521605 0.016493 0.064815
3 0.804253 0.522377 0.019965 0.054012
3 0.743056 0.440586 0.015625 0.038580
3 0.740451 0.342593 0.017361 0.040123
3 0.758247 0.398920 0.016493 0.047840
3 0.792969 0.433642 0.018229 0.052469
3 0.763021 0.451389 0.012153 0.041667
3 0.751736 0.287037 0.012153 0.030864
4 0.550347 0.378086 0.015625 0.046296
4 0.901910 0.788580 0.027778 0.077160
1 0.842448 0.820216 0.025174 0.078704
1 0.474826 0.788580 0.034722 0.064815
4 0.417535 0.276235 0.010417 0.040123
0 0.140625 0.483796 0.006944 0.013889
2 0.125434 0.462963 0.025174 0.049383
