3 0.224392 0.610340 0.018229 0.078704
3 0.278646 0.549383 0.020833 0.055556
3 0.305990 0.327932 0.013021 0.047840
3 0.256944 0.482253 0.012153 0.063272
3 0.273438 0.462191 0.024306 0.060185
3 0.394965 0.397377 0.017361 0.047840
3 0.422309 0.483796 0.023438 0.054012
3 0.467448 0.665123 0.016493 0.074074
3 0.691840 0.649691 0.027778 0.077160
3 0.510417 0.428241 0.015625 0.054012
3 0.580729 0.281636 0.020833 0.054012
3 0.622396 0.324074 0.017361 0.043210
3 0.758247 0.439043 0.019965 0.057099
3 0.738281 0.491512 0.019965 0.054012
3 0.732205 0.444444 0.018229 0.043210
3 0.671007 0.476080 0.010417 0.054012
3 0.686198 0.475309 0.013021 0.049383
0 0.708333 0.489969 0.013889 0.016975
3 0.561632 0.499228 0.017361 0.057099
3 0.579861 0.497685 0.015625 0.050926
4 0.545573 0.378086 0.019965 0.046296
4 0.340278 0.264660 0.019097 0.035494
4 0.912326 0.778549 0.038194 0.087963
1 0.360243 0.852623 0.034722 0.094136
1 0.588542 0.875772 0.022569 0.097222
1 0.735243 0.826389 0.027778 0.109568
