3 0.122396 0.439815 0.015625 0.058642
3 0.131076 0.535494 0.013889 0.067901
3 0.177951 0.530864 0.017361 0.049383
3 0.164931 0.618056 0.019097 0.060185
3 0.201823 0.619599 0.018229 0.069444
3 0.305990 0.460648 0.018229 0.054012
3 0.248264 0.353395 0.012153 0.046296
3 0.309896 0.352623 0.017361 0.038580
3 0.400608 0.518519 0.014757 0.043210
3 0.449219 0.468364 0.016493 0.047840
0 0.462674 0.493056 0.010417 0.010802
3 0.551649 0.479938 0.021701 0.052469
3 0.528646 0.530093 0.017361 0.060185
3 0.539062 0.598765 0.020833 0.052469
3 0.602431 0.607253 0.026042 0.054012
3 0.639757 0.465278 0.020833 0.050926
3 0.595052 0.379630 0.013021 0.049383
3 0.761719 0.405864 0.018229 0.040123
3 0.777778 0.532407 0.015625 0.058642
3 0.795139 0.540895 0.019097 0.050926
2 0.814670 0.396605 0.019965 0.061728
4 0.425347 0.416667 0.015625 0.049383
3 0.324219 0.429012 0.016493 0.046296
4 0.912760 0.609568 0.021701 0.064815
4 0.090278 0.303241 0.013889 0.047840
1 0.445747 0.758488 0.033854 0.069444
1 0.011719 0.847479 0.023438 0.093107
1 0.229167 0.848765 0.032986 0.074074
