3 0.261285 0.587191 0.013889 0.063272
3 0.353299 0.532407 0.020833 0.058642
3 0.371094 0.442130 0.014757 0.054012
3 0.435330 0.427469 0.018229 0.049383
3 0.490017 0.310957 0.016493 0.047840
2 0.105903 0.453704 0.015625 0.049383
0 0.118924 0.479938 0.010417 0.018519
3 0.531684 0.722222 0.025174 0.067901
3 0.586806 0.532407 0.015625 0.064815
3 0.628906 0.540123 0.013021 0.067901
3 0.573785 0.423611 0.015625 0.054012
3 0.607639 0.428241 0.015625 0.054012
3 0.621528 0.361111 0.015625 0.049383
3 0.769097 0.348765 0.008681 0.043210
3 0.779948 0.641975 0.019965 0.064815
3 0.839844 0.533179 0.018229 0.054012
3 0.797743 0.528549 0.017361 0.063272
3 0.832465 0.445216 0.013889 0.054012
3 0.803385 0.460648 0.014757 0.044753
3 0.790365 0.402006 0.014757 0.047840
3 0.802083 0.424383 0.012153 0.024691
3 0.787326 0.288580 0.013889 0.052469
4 0.565104 0.383488 0.012153 0.038580
4 0.423611 0.274691 0.012153 0.033951
1 0.447917 0.784722 0.022569 0.069444
1 0.843316 0.805556 0.019965 0.061728
4 0.954861 0.789352 0.026042 0.084877
