0 0.145833 0.480710 0.012153 0.016975
3 0.275608 0.621914 0.023438 0.074074
3 0.353299 0.530093 0.017361 0.066358
3 0.342014 0.442130 0.019097 0.057099
3 0.408420 0.430556 0.014757 0.049383
3 0.426649 0.310185 0.011285 0.037037
3 0.486111 0.721451 0.022569 0.066358
3 0.521701 0.493827 0.017361 0.067901
3 0.536892 0.408951 0.009549 0.052469
3 0.608073 0.521605 0.018229 0.067901
3 0.578559 0.418210 0.013021 0.052469
3 0.561198 0.347994 0.013021 0.038580
3 0.746094 0.286265 0.011285 0.032407
3 0.736111 0.340278 0.012153 0.041667
3 0.737847 0.451389 0.013889 0.047840
3 0.732205 0.649691 0.014757 0.064815
3 0.766493 0.526235 0.017361 0.070988
3 0.794705 0.524691 0.014757 0.067901
3 0.759115 0.452160 0.014757 0.052469
3 0.756510 0.399691 0.016493 0.046296
3 0.785156 0.432870 0.011285 0.050926
4 0.553385 0.379630 0.013021 0.043210
4 0.890191 0.785494 0.025174 0.086420
4 0.417101 0.270062 0.007812 0.046296
1 0.481337 0.796296 0.023438 0.058642
1 0.845920 0.816358 0.023438 0.064815
1 0.707899 0.859568 0.023438 0.070988
2 0.125434 0.459105 0.019965 0.057099
