3 0.171007 0.621142 0.024306 0.069444
3 0.207899 0.618827 0.023438 0.070988
3 0.143229 0.527778 0.017361 0.055556
3 0.196615 0.521605 0.019965 0.055556
3 0.131510 0.440586 0.023437 0.047840
3 0.245660 0.351852 0.019097 0.049383
3 0.311632 0.353395 0.013889 0.037037
3 0.330295 0.427469 0.014757 0.046296
3 0.317708 0.461420 0.012153 0.046296
3 0.414931 0.520062 0.019097 0.046296
3 0.532118 0.598765 0.022569 0.046296
3 0.595920 0.606481 0.016493 0.058642
3 0.643229 0.464506 0.017361 0.052469
3 0.549479 0.476080 0.013889 0.050926
3 0.527778 0.528549 0.017361 0.054012
3 0.589844 0.377315 0.013021 0.047840
3 0.758247 0.402006 0.016493 0.041667
0 0.466146 0.490741 0.013889 0.012346
3 0.458333 0.469136 0.015625 0.043210
2 0.812066 0.394290 0.014757 0.054012
4 0.429688 0.411265 0.017361 0.066358
4 0.911024 0.614198 0.018229 0.074074
4 0.097656 0.300154 0.014757 0.041667
1 0.013889 0.851852 0.026042 0.092593
1 0.453559 0.750000 0.019965 0.098765
1 0.233507 0.846451 0.024306 0.087963
3 0.782552 0.541667 0.007812 0.052469
3 0.778212 0.525463 0.007812 0.066358
