3 0.187934 0.600309 0.019965 0.083333
3 0.239149 0.566358 0.023438 0.077160
3 0.217448 0.340278 0.021701 0.057099
3 0.200087 0.496914 0.014757 0.055556
3 0.206597 0.479938 0.019097 0.064815
3 0.473958 0.643519 0.029514 0.061728
3 0.387153 0.499228 0.032986 0.078704
3 0.340712 0.404321 0.019965 0.061728
3 0.370660 0.383488 0.017361 0.057099
3 0.677951 0.662037 0.026042 0.070988
3 0.499132 0.265432 0.017361 0.043210
3 0.564236 0.316358 0.022569 0.046296
3 0.500000 0.433642 0.024306 0.070988
3 0.721354 0.489198 0.029514 0.064815
3 0.651042 0.513117 0.026042 0.063272
3 0.545139 0.515432 0.015625 0.061728
3 0.550781 0.486111 0.023438 0.052469
3 0.651042 0.460648 0.020833 0.063272
3 0.776910 0.475309 0.017361 0.052469
3 0.785156 0.453704 0.023438 0.064815
4 0.969618 0.792438 0.027778 0.084877
4 0.492622 0.371914 0.018229 0.052469
4 0.260851 0.243827 0.011285 0.043210
1 0.259983 0.898920 0.033854 0.125000
1 0.511285 0.922840 0.032986 0.098765
1 0.670573 0.869599 0.032118 0.103395
