3 0.157118 0.666667 0.020833 0.083333
3 0.246528 0.477623 0.015625 0.057099
3 0.289062 0.630401 0.024306 0.075617
3 0.322049 0.486111 0.020833 0.064815
3 0.442708 0.773148 0.019097 0.077160
3 0.532986 0.606481 0.019097 0.083333
3 0.592448 0.611111 0.021701 0.080247
3 0.638021 0.694444 0.024306 0.074074
3 0.746528 0.572531 0.019097 0.070988
3 0.772135 0.587963 0.026910 0.067901
3 0.809462 0.503086 0.018229 0.067901
3 0.784288 0.456019 0.023438 0.066358
3 0.734375 0.354167 0.019097 0.041667
3 0.758247 0.384259 0.019965 0.052469
3 0.776910 0.413580 0.024306 0.058642
3 0.680556 0.265432 0.020833 0.049383
3 0.418403 0.317130 0.017361 0.047840
3 0.529080 0.439815 0.025174 0.052469
0 0.180556 0.677469 0.010417 0.021605
4 0.542101 0.389660 0.019965 0.063272
3 0.592448 0.468364 0.018229 0.057099
3 0.602865 0.387346 0.014757 0.058642
1 0.315104 0.847222 0.024306 0.092593
1 0.696615 0.804012 0.021701 0.098765
4 0.328993 0.256944 0.013889 0.041667
