3 0.206372 0.320501 0.023481 0.065863
3 0.134103 0.526438 0.029221 0.078850
3 0.208981 0.503711 0.021394 0.085343
3 0.145060 0.762059 0.031308 0.102968
3 0.349345 0.691095 0.033917 0.079777
3 0.402568 0.638219 0.023481 0.100186
3 0.548672 0.665584 0.039135 0.075139
3 0.521539 0.808905 0.026612 0.092764
3 0.627986 0.787570 0.043309 0.089054
3 0.651206 0.672542 0.027134 0.094620
3 0.836967 0.678108 0.035482 0.100186
3 0.762610 0.461039 0.024525 0.074212
3 0.558065 0.484230 0.025568 0.077922
3 0.429702 0.431818 0.018263 0.073284
3 0.498580 0.373840 0.026612 0.064935
3 0.682775 0.439239 0.021394 0.075139
3 0.706778 0.406308 0.019307 0.074212
3 0.657207 0.362709 0.019307 0.055659
3 0.620942 0.320501 0.016698 0.052876
3 0.521278 0.234694 0.014610 0.051948
4 0.427615 0.381262 0.023481 0.068646
4 0.987245 0.792672 0.022959 0.108534
4 0.167498 0.231447 0.020872 0.045455
1 0.075139 0.946197 0.039657 0.107607
1 0.568240 0.897032 0.041744 0.105751
1 0.388219 0.955009 0.022959 0.089981
0 0.485795 0.842764 0.011480 0.015770
