0 0.186198 0.489198 0.013021 0.021605
2 0.171007 0.478395 0.017361 0.061728
3 0.249132 0.648148 0.024306 0.077160
3 0.434028 0.724537 0.022569 0.081790
3 0.353299 0.538580 0.024306 0.058642
3 0.303819 0.466049 0.017361 0.049383
3 0.334201 0.447531 0.020833 0.055556
3 0.465278 0.486883 0.019097 0.063272
3 0.576389 0.516204 0.019097 0.060185
3 0.406684 0.322531 0.016493 0.040123
3 0.485243 0.390432 0.024306 0.046296
3 0.547309 0.415123 0.019965 0.043210
3 0.510851 0.357253 0.019965 0.038580
3 0.700521 0.299383 0.013889 0.037037
3 0.724826 0.342593 0.020833 0.049383
3 0.675347 0.490741 0.015625 0.049383
3 0.713976 0.651235 0.021701 0.077160
3 0.790365 0.533951 0.019965 0.074074
3 0.777778 0.506173 0.015625 0.055556
3 0.766493 0.463735 0.013889 0.050926
3 0.754340 0.427469 0.013889 0.046296
3 0.773872 0.420525 0.021701 0.044753
4 0.600694 0.378086 0.015625 0.058642
4 0.892361 0.790123 0.022569 0.086420
4 0.419271 0.276235 0.013889 0.027778
1 0.494792 0.824074 0.022569 0.092593
1 0.845486 0.822531 0.039931 0.070988
1 0.705729 0.865741 0.031250 0.077160
