3 0.300347 0.617284 0.022569 0.067901
3 0.279514 0.474537 0.022569 0.069444
3 0.345486 0.476852 0.019097 0.064815
3 0.447483 0.320216 0.013021 0.050926
3 0.183594 0.652006 0.016493 0.081790
3 0.463108 0.760802 0.021701 0.086420
3 0.551215 0.597222 0.024306 0.077160
3 0.604601 0.595679 0.023438 0.064815
3 0.665799 0.682099 0.020833 0.080247
3 0.546007 0.440586 0.013889 0.054012
3 0.605903 0.465278 0.020833 0.057099
3 0.619358 0.387346 0.019965 0.052469
3 0.702691 0.273920 0.016493 0.038580
3 0.765191 0.567901 0.014757 0.067901
3 0.783854 0.583333 0.015625 0.064815
3 0.817274 0.498457 0.019965 0.064815
3 0.749132 0.358025 0.013889 0.043210
3 0.769531 0.388889 0.014757 0.049383
3 0.800781 0.450617 0.014757 0.043210
3 0.785590 0.423611 0.017361 0.044753
0 0.204861 0.662809 0.012153 0.020062
4 0.559028 0.393519 0.012153 0.046296
4 0.358507 0.260802 0.017361 0.040123
1 0.346354 0.827932 0.024306 0.087963
1 0.718750 0.804012 0.022569 0.089506
