3 0.095486 0.728395 0.036458 0.092593
3 0.265625 0.688272 0.032986 0.092593
3 0.164497 0.501543 0.023438 0.077160
3 0.267361 0.499228 0.029514 0.063272
3 0.486545 0.640432 0.019965 0.083333
3 0.395399 0.801698 0.018229 0.097222
3 0.560330 0.738426 0.021701 0.091049
3 0.559028 0.643519 0.032986 0.083333
3 0.699653 0.597222 0.022569 0.080247
3 0.754774 0.625000 0.028646 0.086420
3 0.802517 0.500772 0.026910 0.075617
3 0.571181 0.480710 0.029514 0.072531
3 0.485243 0.432870 0.024306 0.063272
3 0.323351 0.301698 0.018229 0.066358
3 0.564670 0.381173 0.021701 0.064815
3 0.618924 0.238426 0.017361 0.041667
3 0.702691 0.336420 0.018229 0.061728
3 0.725694 0.373457 0.019097 0.061728
3 0.750868 0.450617 0.017361 0.067901
3 0.763889 0.407407 0.029514 0.070988
0 0.138455 0.739198 0.014757 0.033951
4 0.503472 0.386574 0.022569 0.063272
1 0.214844 0.907407 0.026910 0.117284
1 0.639757 0.850309 0.027778 0.120370
4 0.242188 0.229938 0.020833 0.043210
1 0.496094 0.920525 0.030382 0.081790
