3 0.279080 0.638117 0.023438 0.078704
3 0.356771 0.537809 0.027778 0.066358
3 0.466580 0.720679 0.026910 0.077160
3 0.338976 0.439815 0.018229 0.058642
3 0.359809 0.437500 0.016493 0.054012
3 0.401042 0.318673 0.015625 0.054012
3 0.484375 0.479938 0.019097 0.064815
3 0.509549 0.393519 0.013889 0.058642
3 0.551215 0.408179 0.017361 0.050926
3 0.529080 0.346451 0.011285 0.041667
3 0.591580 0.516204 0.019965 0.060185
3 0.705729 0.648148 0.017361 0.080247
3 0.701389 0.471451 0.017361 0.054012
3 0.726562 0.341821 0.013889 0.044753
3 0.708333 0.285494 0.015625 0.033951
3 0.757812 0.520062 0.017361 0.064815
3 0.779948 0.513117 0.025174 0.050926
3 0.750434 0.408951 0.013021 0.052469
3 0.761719 0.450617 0.014757 0.043210
3 0.760851 0.424383 0.016493 0.040123
4 0.578993 0.375772 0.017361 0.054012
4 0.411458 0.273920 0.019097 0.035494
4 0.870226 0.785494 0.023438 0.083333
2 0.146267 0.459105 0.014757 0.050926
0 0.163194 0.479938 0.012153 0.021605
1 0.494358 0.812500 0.018229 0.084877
1 0.835938 0.821759 0.024306 0.081790
1 0.706163 0.857253 0.021701 0.097222
