3 0.176649 0.444444 0.013021 0.055556
3 0.218316 0.353395 0.018229 0.040123
3 0.264323 0.344136 0.018229 0.043210
3 0.296441 0.530093 0.016493 0.063272
3 0.345486 0.533951 0.020833 0.061728
3 0.420139 0.611111 0.026042 0.055556
3 0.506076 0.657407 0.031250 0.061728
3 0.340712 0.422840 0.018229 0.043210
3 0.346354 0.469907 0.020833 0.047840
3 0.490017 0.471451 0.016493 0.054012
3 0.547309 0.541667 0.023438 0.052469
3 0.513455 0.477623 0.018229 0.054012
3 0.562500 0.375772 0.019097 0.054012
3 0.703125 0.410494 0.019097 0.049383
3 0.660590 0.461420 0.017361 0.052469
3 0.686198 0.516975 0.019965 0.058642
3 0.710938 0.550926 0.019097 0.052469
4 0.793403 0.380401 0.015625 0.057099
4 0.866319 0.650463 0.015625 0.063272
4 0.438368 0.412037 0.020833 0.052469
4 0.154080 0.299383 0.018229 0.037037
1 0.080729 0.836420 0.024306 0.129630
1 0.508247 0.753086 0.028646 0.080247
3 0.172309 0.611883 0.011285 0.057099
3 0.183160 0.626543 0.013889 0.067901
0 0.513889 0.570988 0.008681 0.015432
3 0.507812 0.542438 0.020833 0.060185
1 0.296007 0.841049 0.024306 0.077160
