3 0.117188 0.442901 0.013889 0.058642
3 0.121094 0.540123 0.018229 0.067901
3 0.164062 0.620370 0.017361 0.064815
3 0.198785 0.623457 0.019097 0.067901
3 0.164062 0.536265 0.013889 0.063272
3 0.295139 0.465278 0.019097 0.057099
3 0.319010 0.423611 0.018229 0.057099
3 0.246962 0.356481 0.016493 0.046296
3 0.309462 0.351080 0.014757 0.035494
3 0.389323 0.526235 0.018229 0.058642
3 0.530816 0.529321 0.023438 0.052469
3 0.548611 0.600309 0.024306 0.055556
3 0.610243 0.607253 0.017361 0.060185
3 0.637587 0.467593 0.014757 0.046296
3 0.598090 0.385031 0.010417 0.044753
3 0.553385 0.486883 0.018229 0.047840
3 0.766059 0.414352 0.018229 0.044753
3 0.782986 0.533951 0.019097 0.061728
3 0.806424 0.546296 0.017361 0.058642
2 0.816840 0.399691 0.017361 0.052469
4 0.421441 0.416667 0.016493 0.055556
0 0.455295 0.478395 0.006076 0.012346
3 0.442708 0.465278 0.017361 0.050926
4 0.082031 0.304784 0.014757 0.044753
4 0.917101 0.611111 0.028646 0.061728
1 0.219618 0.839506 0.024306 0.086420
1 0.439236 0.751543 0.026042 0.086420
