3 0.226997 0.353395 0.013021 0.043210
3 0.205729 0.445988 0.022569 0.058642
3 0.268663 0.336420 0.021701 0.037037
3 0.368056 0.422840 0.015625 0.055556
3 0.368924 0.478395 0.017361 0.046296
3 0.399306 0.564815 0.017361 0.064815
3 0.523003 0.564043 0.018229 0.054012
3 0.591580 0.544753 0.016493 0.064815
3 0.523438 0.490741 0.017361 0.055556
3 0.496528 0.466821 0.015625 0.054012
3 0.414497 0.649691 0.030382 0.064815
3 0.501736 0.694444 0.032986 0.067901
3 0.703125 0.561728 0.015625 0.055556
3 0.678385 0.519290 0.014757 0.054012
3 0.697483 0.406636 0.013021 0.060185
3 0.684462 0.463735 0.019965 0.054012
3 0.578993 0.372685 0.017361 0.041667
3 0.311198 0.570988 0.028646 0.064815
3 0.244358 0.611111 0.009549 0.070988
3 0.255642 0.609568 0.013021 0.070988
0 0.324653 0.616512 0.013889 0.023148
2 0.815538 0.375772 0.016493 0.047840
4 0.442708 0.421296 0.015625 0.052469
4 0.873264 0.660494 0.020833 0.074074
4 0.201389 0.298611 0.012153 0.026235
1 0.125434 0.824074 0.018229 0.092593
1 0.549045 0.743827 0.021701 0.074074
1 0.331597 0.820988 0.026042 0.067901
