0 0.134549 0.485340 0.010417 0.010802
2 0.122396 0.458333 0.010417 0.046296
3 0.265191 0.602623 0.018229 0.066358
3 0.509549 0.711420 0.020833 0.070988
3 0.352865 0.521605 0.016493 0.061728
3 0.348958 0.444444 0.017361 0.049383
3 0.419271 0.425926 0.015625 0.049383
3 0.445312 0.307870 0.012153 0.035494
3 0.549045 0.503086 0.014757 0.055556
3 0.613281 0.524691 0.013021 0.067901
3 0.749566 0.639660 0.011285 0.060185
3 0.767361 0.516204 0.008681 0.066358
3 0.814236 0.524691 0.012153 0.049383
3 0.584635 0.415123 0.016493 0.046296
3 0.803819 0.429784 0.012153 0.057099
3 0.745226 0.341821 0.013021 0.050926
3 0.548177 0.407407 0.009549 0.043210
3 0.766493 0.398148 0.008681 0.049383
3 0.758247 0.437500 0.011285 0.050926
3 0.772569 0.449846 0.015625 0.047840
3 0.577257 0.354938 0.010417 0.043210
4 0.546875 0.371914 0.013889 0.046296
4 0.913194 0.788580 0.019097 0.077160
4 0.418403 0.274691 0.013889 0.030864
1 0.468750 0.790123 0.015625 0.067901
1 0.839410 0.819444 0.024306 0.074074
1 0.708767 0.858025 0.023438 0.067901
