3 0.138455 0.422068 0.013021 0.047840
3 0.125434 0.536265 0.013021 0.054012
3 0.141059 0.550926 0.018229 0.061728
3 0.211806 0.637346 0.022569 0.070988
3 0.252604 0.618827 0.015625 0.086420
3 0.282552 0.441358 0.013021 0.055556
3 0.313368 0.422840 0.022569 0.049383
3 0.321181 0.340278 0.012153 0.038580
3 0.395399 0.345679 0.011285 0.043210
3 0.478733 0.453704 0.016493 0.055556
3 0.403646 0.541667 0.019097 0.064815
3 0.454427 0.543981 0.011285 0.057099
3 0.503472 0.512346 0.015625 0.049383
3 0.585938 0.621142 0.017361 0.060185
3 0.684462 0.641204 0.023438 0.066358
3 0.800347 0.566358 0.019097 0.070988
3 0.565972 0.447531 0.012153 0.061728
3 0.639323 0.452160 0.011285 0.049383
3 0.662326 0.443673 0.019097 0.044753
3 0.881510 0.577160 0.026910 0.061728
0 0.895833 0.592593 0.008681 0.021605
2 0.866319 0.399691 0.015625 0.037037
4 0.890625 0.647377 0.022569 0.057099
4 0.387587 0.413580 0.016493 0.049383
4 0.120660 0.300154 0.010417 0.035494
1 0.062500 0.845679 0.024306 0.080247
1 0.478299 0.756944 0.017361 0.066358
