3 0.110677 0.716821 0.032118 0.097222
3 0.187934 0.490741 0.019965 0.074074
3 0.285590 0.497685 0.020833 0.063272
3 0.270833 0.668981 0.026042 0.078704
0 0.148003 0.720679 0.016493 0.018519
3 0.404080 0.793981 0.026910 0.094136
3 0.498698 0.631944 0.028646 0.094136
3 0.568576 0.630401 0.027778 0.081790
3 0.583767 0.717593 0.021701 0.080247
3 0.715712 0.593364 0.019965 0.075617
3 0.760851 0.617284 0.026910 0.080247
3 0.805122 0.502315 0.028646 0.072531
3 0.500000 0.441358 0.019097 0.067901
3 0.576389 0.476852 0.024306 0.070988
3 0.576389 0.384259 0.022569 0.052469
3 0.353733 0.313272 0.023437 0.052469
3 0.637153 0.242284 0.015625 0.052469
3 0.712240 0.342593 0.019965 0.055556
3 0.736545 0.374228 0.021701 0.060185
3 0.763889 0.449846 0.015625 0.060185
3 0.761285 0.404321 0.017361 0.040123
4 0.513455 0.390432 0.014757 0.064815
4 0.272569 0.236111 0.015625 0.049383
1 0.245660 0.887346 0.031250 0.104938
1 0.658420 0.836420 0.032118 0.098765
