3 0.204427 0.632716 0.018229 0.070988
3 0.227865 0.624228 0.016493 0.075617
3 0.126736 0.435185 0.012153 0.052469
3 0.123264 0.543210 0.012153 0.055556
3 0.138889 0.560185 0.019097 0.058642
3 0.423177 0.535494 0.019965 0.061728
3 0.492188 0.540895 0.020833 0.063272
3 0.284722 0.443673 0.015625 0.054012
3 0.305556 0.426698 0.012153 0.050926
3 0.311198 0.350309 0.014757 0.046296
3 0.360677 0.354167 0.013021 0.035494
3 0.474392 0.452160 0.018229 0.055556
3 0.522569 0.496914 0.015625 0.043210
3 0.621962 0.616512 0.018229 0.054012
3 0.688802 0.630401 0.016493 0.066358
3 0.581163 0.454475 0.013021 0.044753
3 0.650174 0.421296 0.013889 0.049383
3 0.696181 0.438272 0.019097 0.043210
3 0.840712 0.543981 0.016493 0.047840
3 0.918403 0.571759 0.019097 0.050926
2 0.856771 0.411265 0.017361 0.038580
0 0.869792 0.476852 0.008681 0.015432
4 0.923177 0.628858 0.026910 0.050926
4 0.402344 0.413580 0.016493 0.055556
4 0.101128 0.307099 0.011285 0.027778
1 0.463108 0.753086 0.018229 0.080247
1 0.033420 0.846451 0.018229 0.094136
1 0.253472 0.833333 0.015625 0.067901
