3 0.160156 0.442130 0.014757 0.057099
3 0.226997 0.357253 0.019965 0.050926
3 0.276476 0.343364 0.014757 0.041667
3 0.455295 0.521605 0.019965 0.055556
3 0.447049 0.587191 0.020833 0.054012
3 0.522569 0.639660 0.022569 0.060185
3 0.266493 0.522377 0.020833 0.057099
3 0.316406 0.521605 0.018229 0.055556
3 0.337240 0.469136 0.018229 0.049383
3 0.335503 0.422840 0.018229 0.055556
3 0.565104 0.376543 0.017361 0.049383
3 0.651910 0.462963 0.012153 0.061728
3 0.726562 0.410494 0.019097 0.049383
3 0.705295 0.522377 0.018229 0.057099
3 0.733941 0.543210 0.019965 0.055556
3 0.517361 0.479938 0.013889 0.052469
3 0.494792 0.476852 0.015625 0.052469
3 0.154948 0.618827 0.013021 0.064815
3 0.154514 0.617284 0.029514 0.080247
0 0.529948 0.550926 0.007812 0.012346
3 0.545573 0.531636 0.025174 0.060185
2 0.793403 0.379630 0.015625 0.055556
4 0.438368 0.412037 0.013889 0.058642
4 0.874566 0.631173 0.021701 0.064815
4 0.124132 0.302469 0.012153 0.043210
1 0.491319 0.750772 0.020833 0.066358
1 0.271267 0.842593 0.025174 0.070988
1 0.055122 0.830247 0.025174 0.098765
