3 0.243056 0.452932 0.015625 0.044753
3 0.249132 0.360340 0.017361 0.047840
3 0.282986 0.338735 0.017361 0.038580
3 0.394965 0.425926 0.020833 0.049383
3 0.388021 0.493827 0.020833 0.049383
3 0.401910 0.611111 0.024306 0.070988
3 0.424913 0.709105 0.028646 0.060185
3 0.499132 0.576389 0.024306 0.063272
3 0.506510 0.472994 0.016493 0.054012
3 0.535590 0.497685 0.017361 0.050926
3 0.613715 0.551698 0.020833 0.054012
3 0.680990 0.518519 0.021701 0.067901
3 0.708767 0.581019 0.014757 0.063272
3 0.610243 0.374228 0.010417 0.044753
3 0.707899 0.459105 0.018229 0.057099
3 0.369358 0.663580 0.030382 0.074074
3 0.699653 0.412037 0.013889 0.049383
3 0.300347 0.583333 0.019097 0.058642
3 0.320747 0.565586 0.014757 0.072531
3 0.314670 0.619599 0.023438 0.066358
2 0.848524 0.375000 0.014757 0.058642
4 0.447483 0.429784 0.019965 0.063272
4 0.894097 0.674383 0.013889 0.070988
4 0.240451 0.288580 0.010417 0.043210
1 0.177083 0.811728 0.019097 0.080247
1 0.599392 0.748457 0.019965 0.083333
1 0.384115 0.809414 0.021701 0.084877
0 0.393663 0.622685 0.014757 0.023148
