3 0.210069 0.608796 0.024306 0.075617
3 0.261285 0.560185 0.020833 0.077160
3 0.470052 0.653549 0.023438 0.066358
3 0.273003 0.336420 0.025174 0.061728
3 0.368056 0.403549 0.020833 0.054012
3 0.402778 0.488426 0.027778 0.060185
3 0.247830 0.468364 0.021701 0.072531
3 0.231771 0.490741 0.017361 0.061728
3 0.402778 0.376543 0.017361 0.058642
3 0.502170 0.425926 0.021701 0.074074
3 0.686198 0.653549 0.025174 0.075617
3 0.671441 0.500772 0.021701 0.069444
3 0.545139 0.274691 0.022569 0.043210
3 0.595920 0.317901 0.016493 0.052469
3 0.776910 0.461420 0.024306 0.070988
3 0.724826 0.483025 0.017361 0.064815
3 0.755208 0.459877 0.015625 0.049383
3 0.660590 0.473765 0.012153 0.052469
3 0.574653 0.505401 0.017361 0.054012
3 0.562066 0.507716 0.007812 0.033951
4 0.525608 0.371142 0.016493 0.060185
4 0.938802 0.780864 0.032118 0.086420
4 0.309028 0.255401 0.024306 0.044753
0 0.636285 0.433642 0.013889 0.024691
1 0.320747 0.868056 0.032118 0.112654
1 0.704427 0.837191 0.026910 0.094136
1 0.559028 0.889660 0.039931 0.109568
