3 0.179253 0.601080 0.023438 0.091049
3 0.240451 0.574846 0.031250 0.084877
3 0.385417 0.510031 0.031250 0.066358
3 0.461806 0.638889 0.029514 0.077160
3 0.200521 0.347222 0.022569 0.058642
3 0.331163 0.402006 0.023438 0.069444
3 0.360677 0.385802 0.018229 0.067901
3 0.665799 0.661265 0.029514 0.081790
3 0.558160 0.310957 0.024306 0.050926
3 0.480469 0.263889 0.023438 0.046296
3 0.495226 0.433642 0.030382 0.064815
3 0.719184 0.493827 0.028646 0.067901
3 0.642361 0.518519 0.022569 0.067901
3 0.652344 0.468364 0.019965 0.069444
3 0.777344 0.487654 0.023438 0.064815
3 0.788628 0.461420 0.028646 0.070988
3 0.519965 0.520833 0.024306 0.060185
3 0.536458 0.502315 0.022569 0.066358
0 0.439236 0.472994 0.019097 0.032407
4 0.479601 0.368827 0.016493 0.052469
4 0.970052 0.798611 0.025174 0.091049
1 0.239149 0.908951 0.026910 0.098765
1 0.496094 0.921296 0.030382 0.101852
1 0.664497 0.864198 0.028646 0.086420
4 0.242622 0.237654 0.016493 0.049383
3 0.188802 0.504630 0.014757 0.052469
3 0.193142 0.465278 0.018229 0.029321
