3 0.196615 0.635802 0.018229 0.080247
3 0.245660 0.621914 0.024306 0.086420
3 0.128038 0.410494 0.019965 0.055556
3 0.111111 0.540123 0.017361 0.067901
3 0.126736 0.554012 0.026042 0.077160
3 0.398872 0.544753 0.021701 0.070988
3 0.442708 0.550154 0.026042 0.066358
3 0.273872 0.439043 0.018229 0.054012
3 0.313802 0.421296 0.018229 0.061728
3 0.321615 0.320988 0.014757 0.043210
3 0.420139 0.336420 0.015625 0.049383
3 0.488715 0.443673 0.015625 0.057099
3 0.502170 0.514660 0.019965 0.057099
3 0.564236 0.638117 0.029514 0.063272
3 0.687500 0.649691 0.029514 0.064815
3 0.793403 0.570216 0.022569 0.057099
3 0.638889 0.460648 0.022569 0.054012
3 0.579861 0.454475 0.019097 0.057099
3 0.684896 0.443673 0.020833 0.057099
3 0.891927 0.586420 0.028646 0.074074
0 0.921875 0.611111 0.012153 0.024691
2 0.914062 0.387346 0.017361 0.046296
4 0.916667 0.670525 0.031250 0.072531
4 0.384549 0.407407 0.015625 0.055556
4 0.108507 0.281636 0.013889 0.047840
1 0.051649 0.863426 0.037326 0.106481
1 0.496528 0.788580 0.019097 0.089506
