3 0.109809 0.442901 0.019965 0.061728
3 0.109809 0.550926 0.014757 0.058642
3 0.149740 0.552469 0.019965 0.061728
3 0.165799 0.625772 0.020833 0.063272
3 0.194878 0.622685 0.016493 0.066358
3 0.283420 0.468364 0.023438 0.057099
3 0.246962 0.354167 0.013021 0.047840
3 0.306424 0.351852 0.010417 0.046296
3 0.309028 0.425154 0.013889 0.063272
3 0.378472 0.536265 0.022569 0.063272
3 0.550781 0.598765 0.014757 0.061728
3 0.619358 0.604167 0.019965 0.057099
3 0.531250 0.530864 0.022569 0.055556
3 0.634549 0.473765 0.020833 0.049383
3 0.603733 0.381173 0.014757 0.046296
3 0.547743 0.489969 0.017361 0.057099
3 0.787760 0.534722 0.016493 0.054012
3 0.820747 0.553241 0.023438 0.057099
3 0.761285 0.410494 0.013889 0.037037
2 0.814236 0.405864 0.015625 0.049383
3 0.443142 0.460648 0.025174 0.050926
0 0.471354 0.456019 0.010417 0.016975
4 0.414931 0.420525 0.017361 0.057099
4 0.919271 0.603395 0.017361 0.058642
4 0.079427 0.304012 0.013021 0.040123
1 0.434028 0.746142 0.024306 0.078704
1 0.218750 0.845679 0.019097 0.067901
