3 0.168837 0.610340 0.028646 0.066358
3 0.146267 0.436728 0.013021 0.055556
3 0.198785 0.515432 0.017361 0.055556
3 0.250000 0.516975 0.015625 0.052469
3 0.204861 0.604938 0.027778 0.055556
3 0.331597 0.464506 0.015625 0.046296
3 0.244792 0.353395 0.015625 0.040123
3 0.303385 0.352623 0.018229 0.032407
3 0.339410 0.422840 0.012153 0.058642
3 0.583767 0.381944 0.018229 0.041667
3 0.650174 0.460648 0.013889 0.060185
3 0.533420 0.473765 0.014757 0.052469
3 0.765191 0.536265 0.009549 0.063272
3 0.752604 0.403549 0.019097 0.050926
3 0.492622 0.585648 0.018229 0.050926
3 0.567708 0.621142 0.019097 0.063272
3 0.421007 0.507716 0.013889 0.052469
3 0.525174 0.527778 0.013889 0.055556
3 0.748698 0.531636 0.011285 0.063272
3 0.485243 0.472994 0.022569 0.047840
0 0.484809 0.502315 0.009549 0.010802
4 0.437500 0.416667 0.020833 0.064815
4 0.900608 0.623457 0.021701 0.067901
4 0.118924 0.298611 0.013889 0.041667
1 0.032986 0.853395 0.022569 0.101852
1 0.470052 0.751543 0.030382 0.074074
1 0.253906 0.831019 0.018229 0.091049
