3 0.200521 0.612654 0.024306 0.086420
3 0.144531 0.508488 0.023438 0.081790
3 0.181858 0.523148 0.016493 0.064815
3 0.175347 0.358025 0.015625 0.055556
3 0.313802 0.419753 0.019965 0.067901
3 0.368924 0.399691 0.020833 0.058642
3 0.316406 0.594907 0.018229 0.087963
3 0.488281 0.650463 0.026910 0.066358
3 0.512153 0.506173 0.020833 0.061728
3 0.546875 0.449074 0.019097 0.064815
3 0.552951 0.314043 0.013889 0.050926
3 0.420573 0.266204 0.018229 0.041667
3 0.654948 0.462963 0.021701 0.067901
3 0.700955 0.489198 0.023438 0.070988
3 0.711372 0.569444 0.018229 0.070988
3 0.712674 0.641975 0.026042 0.067901
3 0.822049 0.566358 0.029514 0.077160
3 0.790799 0.480710 0.029514 0.094136
3 0.430122 0.525463 0.014757 0.063272
3 0.453559 0.546296 0.026910 0.064815
0 0.898438 0.635802 0.024306 0.024691
4 0.971354 0.781636 0.031250 0.091049
4 0.436198 0.387346 0.026910 0.077160
4 0.190104 0.227623 0.020833 0.050926
1 0.126736 0.922068 0.036458 0.121914
1 0.594618 0.872685 0.020833 0.109568
1 0.404514 0.938272 0.026042 0.092593
