3 0.250868 0.640432 0.026042 0.089506
3 0.428385 0.729938 0.025174 0.070988
3 0.300347 0.472994 0.019097 0.044753
3 0.350694 0.543981 0.022569 0.072531
3 0.470052 0.489969 0.019965 0.072531
3 0.334201 0.454475 0.013889 0.047840
3 0.576823 0.513117 0.014757 0.066358
3 0.654948 0.486883 0.023438 0.060185
3 0.548611 0.419753 0.019097 0.046296
3 0.478299 0.395833 0.013889 0.041667
3 0.506076 0.356481 0.013889 0.052469
3 0.404080 0.319444 0.014757 0.033951
3 0.713108 0.655864 0.018229 0.077160
3 0.801215 0.521605 0.017361 0.067901
3 0.776042 0.510031 0.015625 0.057099
3 0.691840 0.292438 0.013889 0.026235
3 0.714410 0.340278 0.017361 0.041667
3 0.751302 0.429784 0.014757 0.050926
3 0.767795 0.461420 0.021701 0.046296
3 0.768663 0.425154 0.016493 0.044753
0 0.334635 0.414352 0.009549 0.020062
4 0.899740 0.783179 0.023438 0.084877
4 0.603299 0.384259 0.017361 0.058642
4 0.416667 0.279321 0.012153 0.027778
2 0.172743 0.472222 0.024306 0.055556
1 0.485677 0.820988 0.032118 0.098765
1 0.830729 0.819444 0.045139 0.083333
1 0.697049 0.867284 0.022569 0.083333
