3 0.258681 0.589506 0.020833 0.067901
3 0.355035 0.527006 0.017361 0.069444
3 0.364149 0.442901 0.011285 0.052469
3 0.428385 0.426698 0.016493 0.044753
3 0.470920 0.310185 0.011285 0.046296
3 0.525174 0.716049 0.015625 0.067901
3 0.572917 0.516975 0.015625 0.061728
3 0.618924 0.529321 0.020833 0.058642
3 0.562934 0.412037 0.013021 0.052469
3 0.591580 0.420525 0.011285 0.047840
3 0.604167 0.359568 0.017361 0.043210
3 0.767795 0.643519 0.019965 0.067901
3 0.779514 0.522377 0.022569 0.057099
3 0.828125 0.528549 0.015625 0.054012
3 0.820312 0.441358 0.020833 0.055556
3 0.780382 0.455247 0.013889 0.043210
3 0.754340 0.340278 0.010417 0.044753
3 0.776042 0.290123 0.013889 0.037037
3 0.781684 0.398148 0.009549 0.043210
3 0.790365 0.432870 0.009549 0.032407
4 0.549045 0.380401 0.013021 0.044753
4 0.934896 0.782407 0.017361 0.095679
2 0.107639 0.456790 0.019097 0.049383
0 0.126302 0.482253 0.006076 0.013889
4 0.418837 0.276235 0.013021 0.030864
1 0.450087 0.784722 0.026910 0.066358
1 0.842448 0.810957 0.030382 0.050926
1 0.704861 0.854938 0.022569 0.067901
