3 0.209201 0.614198 0.024306 0.067901
3 0.174045 0.615741 0.025174 0.058642
3 0.138021 0.440586 0.015625 0.047840
3 0.158420 0.523148 0.014757 0.052469
3 0.210938 0.514660 0.015625 0.057099
3 0.248698 0.353395 0.009549 0.033951
3 0.309462 0.348765 0.016493 0.043210
3 0.335938 0.425926 0.020833 0.043210
3 0.320312 0.462963 0.017361 0.043210
3 0.423611 0.513117 0.019097 0.047840
3 0.517795 0.593364 0.018229 0.057099
3 0.588108 0.604938 0.019965 0.055556
3 0.643663 0.460648 0.016493 0.063272
3 0.588542 0.379630 0.015625 0.043210
3 0.760417 0.408951 0.024306 0.049383
3 0.545139 0.477623 0.013889 0.063272
3 0.523003 0.527778 0.013021 0.058642
3 0.770399 0.538580 0.009549 0.074074
3 0.781684 0.538580 0.011285 0.058642
0 0.473524 0.499228 0.009549 0.013889
3 0.467448 0.470679 0.019965 0.046296
2 0.811632 0.391975 0.017361 0.055556
4 0.434896 0.415123 0.017361 0.058642
4 0.909288 0.619599 0.021701 0.057099
4 0.104167 0.300154 0.019097 0.041667
1 0.017361 0.851080 0.019097 0.094136
1 0.461372 0.753086 0.033854 0.077160
1 0.239583 0.847994 0.019097 0.091049
