3 0.126736 0.695988 0.027778 0.083333
3 0.215278 0.479938 0.029514 0.064815
3 0.277778 0.650463 0.029514 0.084877
3 0.302083 0.489198 0.022569 0.058642
3 0.384983 0.309414 0.021701 0.050926
3 0.421441 0.779321 0.023438 0.083333
3 0.513455 0.618827 0.025174 0.083333
3 0.514323 0.435957 0.016493 0.060185
3 0.582899 0.478395 0.019965 0.061728
3 0.578125 0.616512 0.024306 0.081790
3 0.609375 0.707562 0.022569 0.081790
3 0.726997 0.578704 0.025174 0.064815
3 0.761719 0.604938 0.023438 0.070988
3 0.803385 0.500000 0.019965 0.074074
3 0.769965 0.452160 0.019097 0.064815
3 0.656250 0.253086 0.015625 0.049383
3 0.720052 0.349537 0.018229 0.054012
3 0.744358 0.377315 0.011285 0.050926
3 0.768229 0.405864 0.020833 0.055556
4 0.526910 0.385802 0.015625 0.061728
3 0.587240 0.383488 0.021701 0.060185
0 0.159288 0.699074 0.016493 0.027778
4 0.297743 0.239198 0.010417 0.046296
1 0.279514 0.864198 0.026042 0.098765
1 0.672309 0.817901 0.021701 0.104938
