3 0.202458 0.320965 0.025046 0.066790
3 0.135668 0.520408 0.033395 0.083488
3 0.179760 0.752783 0.032873 0.101113
3 0.202458 0.500928 0.022959 0.077922
3 0.316993 0.687384 0.044353 0.094620
3 0.384305 0.613636 0.028699 0.088126
3 0.422136 0.429963 0.025046 0.064007
3 0.552325 0.471707 0.022437 0.065863
3 0.556499 0.662801 0.034961 0.076994
3 0.665555 0.768089 0.034961 0.085343
3 0.599026 0.815863 0.039657 0.091837
3 0.666077 0.686456 0.030786 0.070501
3 0.860708 0.665121 0.041222 0.096475
3 0.746695 0.448980 0.026090 0.077922
3 0.678340 0.433210 0.020872 0.072356
3 0.699212 0.402134 0.016698 0.065863
3 0.649901 0.358998 0.020350 0.050093
3 0.605288 0.314007 0.022959 0.054731
3 0.513973 0.235622 0.013567 0.044527
0 0.552586 0.842301 0.010436 0.022263
4 0.416918 0.374304 0.014610 0.062152
4 0.980462 0.792672 0.031308 0.106679
4 0.171933 0.230519 0.016176 0.043599
1 0.078009 0.946197 0.029743 0.103896
1 0.391089 0.952226 0.038091 0.093692
1 0.568762 0.905380 0.029221 0.105751
