3 0.191406 0.643519 0.019965 0.077160
3 0.266927 0.631944 0.021701 0.084877
3 0.107639 0.530864 0.015625 0.067901
3 0.131076 0.546296 0.010417 0.074074
3 0.133681 0.382716 0.010417 0.061728
3 0.284722 0.433642 0.012153 0.070988
3 0.338108 0.402006 0.018229 0.066358
3 0.355469 0.296296 0.014757 0.049383
3 0.484375 0.320216 0.020833 0.060185
3 0.526042 0.448302 0.012153 0.057099
3 0.413194 0.539352 0.019097 0.081790
3 0.447049 0.550926 0.027778 0.080247
3 0.551215 0.659722 0.022569 0.069444
3 0.516927 0.515432 0.021701 0.055556
3 0.722656 0.659722 0.025174 0.072531
3 0.631510 0.455247 0.019965 0.074074
3 0.677083 0.474537 0.022569 0.063272
3 0.761719 0.460648 0.018229 0.069444
3 0.797309 0.585648 0.026910 0.081790
3 0.919705 0.591821 0.019965 0.081790
0 0.988715 0.645062 0.010417 0.018519
4 0.981771 0.724537 0.027778 0.084877
4 0.407986 0.397377 0.019097 0.069444
4 0.129774 0.248457 0.011285 0.040123
1 0.063802 0.927469 0.025174 0.114198
1 0.547743 0.847222 0.024306 0.070988
1 0.328559 0.926698 0.019965 0.112654
