3 0.115885 0.435957 0.013021 0.050926
3 0.111979 0.551698 0.019097 0.057099
3 0.130208 0.560185 0.015625 0.058642
3 0.183160 0.636574 0.017361 0.075617
3 0.203993 0.625000 0.010417 0.061728
3 0.276042 0.450617 0.013889 0.055556
3 0.421875 0.533951 0.019097 0.052469
3 0.506076 0.534722 0.013889 0.050926
3 0.460938 0.452160 0.013889 0.052469
3 0.529080 0.489969 0.016493 0.060185
3 0.600260 0.602623 0.021701 0.078704
3 0.672743 0.627315 0.027778 0.066358
3 0.832465 0.534722 0.024306 0.066358
3 0.907118 0.563272 0.020833 0.064815
3 0.588976 0.459105 0.018229 0.066358
3 0.633681 0.405093 0.015625 0.057099
3 0.720920 0.426698 0.013021 0.044753
0 0.852431 0.450617 0.015625 0.018519
2 0.843750 0.408951 0.015625 0.040123
4 0.933594 0.604938 0.018229 0.043210
3 0.334635 0.347994 0.013021 0.038580
3 0.299479 0.422840 0.017361 0.049383
3 0.287326 0.353395 0.013889 0.046296
4 0.086806 0.307870 0.012153 0.038580
4 0.406250 0.413580 0.015625 0.055556
1 0.232205 0.837963 0.016493 0.077160
1 0.448785 0.753086 0.020833 0.074074
1 0.014757 0.858025 0.027778 0.092593
