3 0.138889 0.425154 0.012153 0.044753
3 0.128472 0.538580 0.015625 0.058642
3 0.146267 0.557870 0.016493 0.057099
3 0.218316 0.634259 0.019965 0.070988
3 0.245660 0.615741 0.017361 0.074074
3 0.285590 0.441358 0.008681 0.046296
3 0.313368 0.425154 0.017361 0.050926
3 0.409288 0.536265 0.016493 0.060185
3 0.463542 0.543210 0.015625 0.055556
3 0.509549 0.506173 0.015625 0.055556
3 0.478733 0.448302 0.016493 0.050926
3 0.386719 0.354938 0.009549 0.043210
3 0.318576 0.341821 0.013889 0.035494
3 0.598958 0.618827 0.022569 0.052469
3 0.684896 0.638117 0.020833 0.063272
3 0.813802 0.563272 0.018229 0.052469
3 0.887153 0.570216 0.015625 0.050926
0 0.886285 0.549383 0.006944 0.024691
3 0.565104 0.445988 0.017361 0.058642
3 0.653646 0.453704 0.012153 0.043210
3 0.660590 0.431327 0.024306 0.047840
2 0.859375 0.410494 0.019097 0.055556
4 0.895833 0.635031 0.020833 0.054012
4 0.392361 0.413580 0.015625 0.043210
4 0.116319 0.303241 0.008681 0.032407
1 0.054688 0.831790 0.022569 0.070988
1 0.273872 0.828704 0.021701 0.089506
1 0.476997 0.755401 0.019965 0.072531
