3 0.276476 0.634259 0.028646 0.070988
3 0.353733 0.535494 0.023438 0.064815
3 0.339844 0.439815 0.016493 0.055556
3 0.368924 0.430556 0.015625 0.052469
3 0.488281 0.486111 0.023438 0.055556
3 0.469184 0.717593 0.021701 0.064815
3 0.591580 0.523148 0.019965 0.064815
3 0.707031 0.645833 0.016493 0.081790
3 0.401910 0.314043 0.013889 0.047840
3 0.515625 0.398148 0.017361 0.043210
3 0.530382 0.351852 0.020833 0.064815
3 0.554253 0.415895 0.019965 0.050926
3 0.713976 0.286265 0.014757 0.038580
3 0.725694 0.339506 0.015625 0.043210
3 0.704861 0.465278 0.012153 0.050926
3 0.757378 0.525463 0.016493 0.063272
3 0.775174 0.512346 0.013889 0.052469
3 0.751736 0.409722 0.017361 0.054012
3 0.764323 0.454475 0.023438 0.050926
3 0.762153 0.417438 0.008681 0.038580
4 0.576389 0.380401 0.012153 0.057099
4 0.870226 0.788580 0.021701 0.089506
4 0.414497 0.270833 0.009549 0.041667
2 0.147135 0.458333 0.014757 0.058642
0 0.160590 0.477623 0.010417 0.013889
1 0.492188 0.816358 0.027778 0.083333
1 0.841580 0.825617 0.019965 0.083333
1 0.705729 0.862654 0.020833 0.092593
