3 0.251736 0.624228 0.032986 0.069444
3 0.459635 0.689043 0.026910 0.078704
3 0.314670 0.542438 0.028646 0.072531
3 0.289931 0.476852 0.019097 0.052469
3 0.305990 0.453704 0.019965 0.043210
3 0.364149 0.331019 0.023438 0.044753
3 0.451389 0.486883 0.019097 0.069444
3 0.434462 0.400463 0.018229 0.054012
3 0.562066 0.509259 0.025174 0.061728
3 0.528212 0.425154 0.014757 0.047840
3 0.469618 0.364198 0.013889 0.049383
3 0.698785 0.651235 0.034722 0.080247
3 0.608941 0.493827 0.028646 0.052469
3 0.631510 0.290895 0.018229 0.038580
3 0.663194 0.330247 0.015625 0.049383
3 0.746962 0.500000 0.018229 0.061728
3 0.750000 0.428241 0.019097 0.050926
3 0.716580 0.489969 0.013021 0.047840
3 0.724826 0.479938 0.013889 0.040123
3 0.725694 0.427469 0.022569 0.046296
4 0.575521 0.378086 0.017361 0.064815
4 0.901476 0.777778 0.023438 0.086420
0 0.590278 0.373457 0.008681 0.030864
4 0.385851 0.274691 0.013021 0.037037
2 0.075087 0.456790 0.025174 0.055556
1 0.420573 0.824074 0.025174 0.098765
1 0.637587 0.855710 0.033854 0.078704
1 0.779080 0.823302 0.026910 0.091049
