3 0.453993 0.709877 0.029514 0.061728
3 0.508681 0.571759 0.027778 0.063272
3 0.612847 0.554012 0.022569 0.055556
3 0.706163 0.573302 0.019965 0.069444
3 0.682292 0.522377 0.017361 0.054012
3 0.702257 0.464506 0.024306 0.052469
3 0.697917 0.412809 0.012153 0.047840
3 0.602431 0.372685 0.012153 0.060185
3 0.234375 0.453704 0.013889 0.058642
3 0.384983 0.483025 0.025174 0.052469
3 0.402344 0.606481 0.019965 0.058642
3 0.385417 0.662037 0.024306 0.064815
3 0.388889 0.422068 0.010417 0.050926
3 0.242622 0.361111 0.011285 0.037037
3 0.277344 0.336420 0.013021 0.037037
3 0.504774 0.471451 0.009549 0.047840
3 0.534288 0.489969 0.011285 0.054012
2 0.841146 0.378858 0.017361 0.060185
3 0.294271 0.591049 0.013889 0.058642
3 0.311632 0.606481 0.010417 0.058642
3 0.306424 0.587191 0.008681 0.066358
4 0.447049 0.431327 0.013889 0.047840
4 0.886719 0.671296 0.014757 0.074074
4 0.227865 0.291667 0.013021 0.027778
0 0.367188 0.622685 0.013889 0.020062
1 0.162326 0.806327 0.019097 0.087963
1 0.585069 0.757716 0.019097 0.089506
1 0.370226 0.814043 0.021701 0.091049
