3 0.283598 0.335807 0.014089 0.037106
3 0.261422 0.361781 0.013567 0.040816
3 0.254377 0.458720 0.019307 0.049165
3 0.370217 0.718924 0.027655 0.063080
3 0.473794 0.583952 0.016698 0.058442
3 0.710691 0.584416 0.016698 0.059369
3 0.621202 0.563544 0.022437 0.054731
3 0.680166 0.527829 0.015132 0.059369
3 0.716431 0.460575 0.016698 0.051020
3 0.701821 0.422078 0.011480 0.050093
3 0.622507 0.382653 0.012523 0.045455
3 0.538758 0.498609 0.013045 0.051020
3 0.509016 0.478200 0.018263 0.054731
3 0.384566 0.496753 0.015654 0.056586
3 0.398655 0.425788 0.016698 0.046382
3 0.343866 0.651670 0.022959 0.056586
3 0.422136 0.619202 0.024003 0.069573
3 0.341779 0.565863 0.015654 0.066790
3 0.317776 0.583024 0.016698 0.058442
3 0.329516 0.611317 0.009914 0.061224
2 0.864361 0.383581 0.021394 0.065863
4 0.900104 0.678108 0.016698 0.068646
4 0.253595 0.293599 0.014610 0.030612
4 0.443791 0.437384 0.015132 0.049165
0 0.408569 0.628942 0.007305 0.018553
1 0.198023 0.807050 0.022437 0.085343
1 0.405438 0.805195 0.024003 0.066790
1 0.614680 0.751391 0.017741 0.055659
