3 0.271701 0.589506 0.017361 0.080247
3 0.346788 0.560185 0.018229 0.070988
3 0.372830 0.454475 0.016493 0.054012
3 0.430990 0.446759 0.016493 0.054012
3 0.541667 0.727623 0.015625 0.069444
3 0.608941 0.557099 0.019965 0.064815
3 0.651042 0.561728 0.012153 0.067901
3 0.523872 0.316358 0.011285 0.040123
3 0.597656 0.430556 0.014757 0.046296
3 0.637153 0.447531 0.015625 0.049383
3 0.655816 0.380401 0.016493 0.041667
3 0.789062 0.657407 0.017361 0.067901
3 0.828993 0.547840 0.017361 0.070988
3 0.850260 0.541667 0.018229 0.058642
3 0.805122 0.414352 0.014757 0.060185
3 0.826389 0.412809 0.012153 0.041667
3 0.796875 0.358796 0.015625 0.047840
3 0.789497 0.289352 0.016493 0.041667
3 0.844618 0.480710 0.013889 0.047840
3 0.856771 0.456790 0.020833 0.046296
2 0.101562 0.447531 0.013889 0.043210
0 0.152344 0.509259 0.011285 0.018519
4 0.595052 0.385031 0.013021 0.041667
4 0.435764 0.267747 0.012153 0.035494
1 0.447917 0.780093 0.022569 0.087963
1 0.815538 0.790895 0.016493 0.100309
