3 0.169271 0.594136 0.024306 0.077160
3 0.186198 0.338735 0.013021 0.050926
3 0.242622 0.570216 0.030382 0.081790
3 0.315104 0.404321 0.027778 0.064815
3 0.188802 0.502315 0.023438 0.078704
3 0.172743 0.475309 0.010417 0.049383
3 0.353299 0.381944 0.020833 0.069444
0 0.393663 0.526235 0.013021 0.015432
3 0.381076 0.514660 0.013889 0.054012
3 0.445313 0.643519 0.031250 0.070988
3 0.651476 0.658179 0.033854 0.084877
3 0.633681 0.524691 0.015625 0.074074
3 0.552083 0.300154 0.022569 0.060185
3 0.461806 0.260802 0.012153 0.046296
3 0.486979 0.521605 0.041667 0.064815
3 0.495660 0.429012 0.027778 0.061728
3 0.523003 0.498457 0.019965 0.067901
3 0.714844 0.500000 0.019965 0.080247
3 0.644097 0.467593 0.020833 0.064815
3 0.761719 0.483796 0.026910 0.063272
3 0.781684 0.454475 0.018229 0.097222
4 0.967882 0.802469 0.045139 0.098765
4 0.464410 0.375000 0.024306 0.070988
4 0.228299 0.232253 0.020833 0.041667
1 0.215278 0.919753 0.027778 0.117284
1 0.485243 0.936728 0.031250 0.108025
1 0.648438 0.870370 0.031250 0.092593
