3 0.202691 0.625000 0.023438 0.089506
3 0.309462 0.604167 0.025174 0.078704
3 0.138889 0.512346 0.015625 0.074074
3 0.174479 0.527778 0.017361 0.067901
3 0.167969 0.356481 0.013021 0.061728
3 0.309462 0.420525 0.014757 0.075617
3 0.365451 0.401235 0.013889 0.061728
3 0.410590 0.276235 0.020833 0.052469
3 0.505208 0.657407 0.029514 0.077160
3 0.515191 0.506173 0.025174 0.067901
3 0.548611 0.445988 0.015625 0.070988
3 0.547309 0.316358 0.013021 0.058642
3 0.427951 0.531636 0.019097 0.066358
3 0.449219 0.547840 0.014757 0.070988
3 0.657552 0.467593 0.019965 0.064815
3 0.700955 0.491512 0.019965 0.075617
3 0.792535 0.481481 0.019097 0.067901
3 0.847656 0.572531 0.028646 0.077160
3 0.733507 0.575617 0.024306 0.064815
3 0.723958 0.646605 0.032986 0.070988
0 0.934028 0.609568 0.019097 0.033951
1 0.593750 0.865741 0.020833 0.077160
1 0.121528 0.933642 0.032986 0.101852
4 0.432726 0.388117 0.018229 0.081790
4 0.978299 0.772377 0.034722 0.091049
4 0.180556 0.226852 0.020833 0.040123
1 0.391493 0.937500 0.034722 0.097222
