3 0.132015 0.522727 0.026090 0.086271
3 0.133842 0.764378 0.025568 0.096475
3 0.213938 0.503711 0.025046 0.072356
3 0.214199 0.321892 0.022437 0.070501
3 0.355346 0.686456 0.027134 0.094620
3 0.415874 0.638219 0.019828 0.096475
3 0.544498 0.653989 0.030786 0.089054
3 0.608679 0.792208 0.043309 0.081633
3 0.485274 0.809833 0.025046 0.090909
3 0.652510 0.675325 0.022437 0.092764
3 0.831488 0.672542 0.037048 0.090909
3 0.559369 0.482839 0.029221 0.075139
3 0.435964 0.431818 0.018263 0.073284
3 0.506928 0.375232 0.018263 0.060297
3 0.691385 0.440167 0.016698 0.071429
3 0.773046 0.470315 0.029743 0.070501
3 0.663990 0.360853 0.017219 0.053803
3 0.713039 0.406772 0.018263 0.071429
3 0.633987 0.322356 0.017741 0.049165
3 0.526496 0.234230 0.016698 0.051020
0 0.463358 0.837662 0.010436 0.020408
1 0.571110 0.885900 0.036004 0.094620
1 0.081401 0.942022 0.033395 0.106679
4 0.994550 0.794991 0.008349 0.094620
4 0.441182 0.383117 0.025568 0.066790
4 0.173498 0.229128 0.021394 0.046382
