3 0.259115 0.628086 0.028646 0.061728
3 0.452257 0.695988 0.026042 0.064815
3 0.326823 0.544753 0.016493 0.064815
3 0.295573 0.480710 0.014757 0.057099
3 0.313368 0.453704 0.013889 0.055556
3 0.375434 0.332562 0.013021 0.044753
3 0.457465 0.483796 0.020833 0.063272
3 0.443576 0.401235 0.017361 0.046296
3 0.480035 0.365741 0.015625 0.046296
3 0.565538 0.510031 0.018229 0.054012
3 0.531684 0.428241 0.016493 0.050926
3 0.616319 0.494599 0.017361 0.057099
0 0.551215 0.367284 0.010417 0.021605
3 0.705729 0.648148 0.024306 0.067901
3 0.674045 0.339506 0.019965 0.046296
3 0.645399 0.294753 0.013021 0.033951
3 0.755208 0.506173 0.017361 0.049383
3 0.726562 0.499228 0.013889 0.047840
3 0.726997 0.430556 0.014757 0.046296
3 0.754340 0.430556 0.024306 0.040123
3 0.740885 0.479938 0.021701 0.040123
4 0.582899 0.380401 0.018229 0.047840
4 0.397135 0.283179 0.013021 0.026235
4 0.894097 0.779321 0.032986 0.101852
2 0.104601 0.456790 0.018229 0.043210
1 0.439236 0.822531 0.026042 0.070988
1 0.789062 0.814815 0.026042 0.080247
1 0.657986 0.859568 0.029514 0.083333
