3 0.201936 0.309833 0.024003 0.070501
3 0.134885 0.520872 0.027655 0.080705
3 0.195675 0.501855 0.032352 0.079777
3 0.188109 0.738868 0.028699 0.104824
3 0.304209 0.690631 0.039657 0.110390
3 0.369956 0.603896 0.034439 0.087199
3 0.539019 0.659555 0.049049 0.092764
3 0.548151 0.470315 0.031830 0.085343
3 0.416657 0.433673 0.021394 0.069573
3 0.486578 0.368275 0.020350 0.059369
3 0.508755 0.235158 0.014610 0.045455
3 0.593025 0.316790 0.022437 0.045455
3 0.644162 0.360390 0.018263 0.052876
3 0.669730 0.434137 0.019307 0.070501
3 0.693211 0.404453 0.020350 0.066790
3 0.731824 0.451763 0.030786 0.079777
3 0.857839 0.649351 0.025046 0.089054
3 0.643901 0.814935 0.033395 0.091837
3 0.663729 0.754174 0.041744 0.081633
3 0.663468 0.690631 0.034961 0.082560
0 0.605548 0.841373 0.012001 0.027829
1 0.077748 0.943414 0.038613 0.111317
1 0.568762 0.906772 0.033395 0.125232
1 0.385610 0.955473 0.044875 0.089054
4 0.978113 0.791280 0.027655 0.113173
4 0.414048 0.368275 0.021394 0.064935
4 0.172716 0.230983 0.018785 0.046382
