3 0.157118 0.442130 0.017361 0.063272
3 0.231771 0.355710 0.017361 0.054012
3 0.259115 0.522377 0.021701 0.050926
3 0.302517 0.515432 0.014757 0.055556
3 0.282118 0.349537 0.017361 0.047840
3 0.336806 0.419753 0.015625 0.061728
3 0.335069 0.473765 0.019097 0.049383
3 0.533420 0.638889 0.023438 0.067901
3 0.461806 0.588735 0.026042 0.060185
3 0.434896 0.518519 0.020833 0.067901
3 0.493056 0.480710 0.017361 0.063272
3 0.647569 0.459105 0.019097 0.054012
3 0.568142 0.376543 0.014757 0.037037
3 0.731771 0.412037 0.013889 0.043210
3 0.713976 0.529321 0.013021 0.064815
3 0.742188 0.546296 0.012153 0.055556
3 0.519097 0.476080 0.012153 0.050926
3 0.532552 0.528549 0.013021 0.057099
3 0.152344 0.611883 0.011285 0.060185
3 0.168403 0.620370 0.022569 0.055556
0 0.519097 0.543981 0.008681 0.013889
4 0.440104 0.413580 0.020833 0.049383
4 0.887587 0.632716 0.018229 0.058642
4 0.121094 0.302469 0.018229 0.037037
2 0.796875 0.381944 0.012153 0.047840
1 0.048177 0.844907 0.016493 0.106481
1 0.270399 0.840278 0.021701 0.094136
1 0.486979 0.748457 0.024306 0.083333
