3 0.085053 0.746289 0.042788 0.102968
3 0.144799 0.510204 0.024525 0.070501
3 0.256465 0.502783 0.030786 0.077922
3 0.274988 0.692486 0.029221 0.086271
3 0.391089 0.809833 0.031830 0.096475
3 0.298730 0.302412 0.020350 0.066790
3 0.479012 0.649351 0.031308 0.100186
3 0.536932 0.752783 0.025046 0.095547
3 0.555195 0.642857 0.031308 0.087199
3 0.480056 0.433673 0.027134 0.064007
3 0.571110 0.487477 0.027655 0.067718
3 0.693994 0.609462 0.020872 0.094620
3 0.763132 0.646568 0.040179 0.109462
3 0.807224 0.497681 0.028177 0.075139
3 0.744608 0.443414 0.014610 0.063080
3 0.556238 0.378015 0.018785 0.064007
3 0.600852 0.229128 0.015132 0.053803
3 0.692689 0.337199 0.019307 0.056586
3 0.717996 0.370130 0.018785 0.057514
3 0.757914 0.404917 0.024525 0.073284
4 0.495971 0.381725 0.023481 0.062152
0 0.141929 0.762987 0.012523 0.019481
4 0.220460 0.219852 0.014089 0.037106
1 0.186543 0.925325 0.024525 0.127087
1 0.626681 0.864564 0.030264 0.103896
1 0.475359 0.936456 0.027134 0.088126
