3 0.163628 0.443673 0.011285 0.060185
3 0.219618 0.353395 0.017361 0.046296
3 0.272135 0.346451 0.016493 0.044753
3 0.276042 0.521605 0.015625 0.058642
3 0.321181 0.520062 0.015625 0.064815
3 0.336372 0.466049 0.014757 0.049383
3 0.438802 0.593364 0.014757 0.075617
3 0.513021 0.645833 0.020833 0.054012
3 0.652344 0.460648 0.016493 0.054012
3 0.560330 0.373457 0.016493 0.052469
3 0.721788 0.543981 0.014757 0.063272
3 0.694878 0.523148 0.016493 0.058642
3 0.716580 0.410494 0.018229 0.055556
2 0.789931 0.375000 0.015625 0.052469
3 0.471788 0.527778 0.014757 0.049383
3 0.335938 0.421296 0.017361 0.052469
3 0.491753 0.473765 0.013021 0.058642
3 0.513021 0.476080 0.017361 0.054012
3 0.540799 0.532407 0.013889 0.055556
0 0.536458 0.557099 0.005208 0.009259
3 0.144097 0.621914 0.024306 0.061728
3 0.165365 0.614969 0.018229 0.072531
4 0.435764 0.417438 0.010417 0.060185
4 0.873264 0.641204 0.017361 0.072531
4 0.130208 0.304012 0.013889 0.033951
1 0.062066 0.833333 0.039063 0.108025
1 0.494792 0.754630 0.019097 0.080247
1 0.279080 0.831790 0.026910 0.089506
