3 0.263021 0.600309 0.024306 0.064815
3 0.341146 0.580247 0.017361 0.077160
3 0.351128 0.457562 0.014757 0.057099
3 0.405816 0.462191 0.016493 0.057099
3 0.513021 0.327160 0.017361 0.043210
3 0.590278 0.436728 0.015625 0.052469
3 0.526476 0.729938 0.016493 0.077160
3 0.599392 0.574074 0.014757 0.058642
3 0.645833 0.577160 0.022569 0.067901
3 0.638889 0.456790 0.015625 0.055556
3 0.654514 0.392747 0.012153 0.050926
3 0.760417 0.289352 0.015625 0.041667
3 0.746962 0.656636 0.021701 0.078704
3 0.813368 0.561728 0.008681 0.061728
3 0.824653 0.550926 0.013889 0.058642
3 0.802951 0.424383 0.010417 0.061728
3 0.818142 0.405864 0.018229 0.052469
3 0.844184 0.496142 0.018229 0.044753
3 0.839844 0.459105 0.016493 0.044753
3 0.785156 0.364198 0.014757 0.043210
4 0.595920 0.398148 0.018229 0.061728
4 0.426649 0.279321 0.009549 0.040123
1 0.424045 0.791667 0.021701 0.070988
1 0.770833 0.780093 0.029514 0.078704
2 0.087674 0.460648 0.017361 0.060185
0 0.202257 0.572531 0.013889 0.027778
