3 0.194444 0.592593 0.026042 0.086420
3 0.172743 0.496142 0.024306 0.072531
3 0.202691 0.507716 0.018229 0.070988
3 0.295573 0.569444 0.033854 0.089506
3 0.200955 0.339506 0.019965 0.052469
3 0.327691 0.415895 0.018229 0.069444
3 0.371528 0.395062 0.015625 0.055556
3 0.447917 0.638889 0.026042 0.089506
3 0.413194 0.523920 0.022569 0.075617
3 0.463542 0.524691 0.015625 0.080247
3 0.528212 0.500772 0.021701 0.069444
3 0.453993 0.263889 0.017361 0.046296
3 0.571615 0.309414 0.018229 0.057099
3 0.654080 0.469136 0.026910 0.074074
3 0.659288 0.652778 0.040799 0.077160
3 0.642361 0.557870 0.024306 0.078704
3 0.782986 0.464506 0.020833 0.061728
3 0.731771 0.532407 0.024306 0.064815
3 0.738715 0.478395 0.022569 0.055556
4 0.956597 0.798611 0.029514 0.091049
0 0.604167 0.408179 0.012153 0.032407
3 0.526042 0.439815 0.026042 0.070988
4 0.457899 0.378086 0.021701 0.074074
4 0.220920 0.226080 0.014757 0.038580
1 0.199219 0.924383 0.026910 0.111111
1 0.634983 0.871914 0.035590 0.101852
1 0.473090 0.943673 0.027778 0.106481
