3 0.252170 0.610340 0.019965 0.057099
3 0.334201 0.591821 0.019097 0.072531
3 0.336806 0.463735 0.015625 0.054012
3 0.396701 0.470679 0.017361 0.052469
3 0.513889 0.740741 0.020833 0.074074
3 0.586806 0.574846 0.015625 0.066358
3 0.632812 0.585648 0.017361 0.066358
3 0.724392 0.663580 0.025174 0.080247
3 0.743056 0.292438 0.015625 0.038580
3 0.500000 0.328704 0.019097 0.040123
3 0.580295 0.435957 0.016493 0.054012
3 0.629340 0.463735 0.013889 0.054012
3 0.644097 0.388889 0.015625 0.043210
3 0.771701 0.366512 0.013889 0.041667
3 0.831163 0.497685 0.013021 0.057099
3 0.822049 0.453704 0.013889 0.055556
3 0.809896 0.564815 0.013889 0.074074
3 0.794271 0.557870 0.013889 0.060185
3 0.796441 0.426698 0.018229 0.041667
3 0.798611 0.402778 0.013889 0.049383
4 0.587240 0.397377 0.014757 0.054012
4 0.414497 0.277006 0.013021 0.038580
1 0.410156 0.788580 0.026910 0.083333
1 0.756944 0.773920 0.032986 0.084877
0 0.224392 0.606481 0.018229 0.021605
2 0.070312 0.462191 0.017361 0.047840
