3 0.244792 0.619599 0.026042 0.066358
3 0.463542 0.674383 0.029514 0.083333
3 0.695312 0.644290 0.031250 0.063272
3 0.304253 0.543981 0.025174 0.072531
3 0.345486 0.330247 0.015625 0.037037
3 0.279514 0.478395 0.019097 0.052469
3 0.296441 0.461420 0.018229 0.052469
3 0.438802 0.487654 0.016493 0.070988
3 0.422743 0.395062 0.015625 0.049383
3 0.457899 0.367284 0.014757 0.037037
3 0.523438 0.429784 0.020833 0.057099
3 0.563368 0.503858 0.019097 0.060185
3 0.596354 0.496142 0.020833 0.057099
0 0.638455 0.408179 0.018229 0.026235
3 0.742188 0.495370 0.026042 0.058642
3 0.615885 0.287037 0.018229 0.030864
3 0.652778 0.320988 0.015625 0.055556
3 0.750434 0.429012 0.019965 0.055556
3 0.729167 0.430556 0.012153 0.058642
3 0.703559 0.484568 0.013021 0.037037
3 0.704861 0.469907 0.022569 0.041667
4 0.565972 0.378086 0.015625 0.052469
4 0.371528 0.273920 0.019097 0.041667
4 0.905382 0.773920 0.041667 0.084877
2 0.031250 0.452932 0.022569 0.063272
1 0.404080 0.823302 0.025174 0.078704
1 0.760851 0.812500 0.030382 0.072531
1 0.625434 0.867284 0.033854 0.098765
