3 0.092098 0.762523 0.037048 0.100186
3 0.134103 0.519944 0.024003 0.089981
3 0.258552 0.307514 0.022437 0.069573
3 0.243680 0.505566 0.034439 0.068646
3 0.312558 0.704082 0.051136 0.090909
3 0.404917 0.804267 0.035482 0.092764
3 0.524409 0.772727 0.029221 0.087199
3 0.464663 0.656772 0.026612 0.085343
3 0.547368 0.653525 0.032352 0.095547
3 0.669730 0.631725 0.018263 0.087199
3 0.775133 0.658627 0.037048 0.100186
3 0.798875 0.486085 0.022959 0.074212
3 0.723736 0.437848 0.014610 0.066790
3 0.745913 0.402597 0.020350 0.066790
3 0.671817 0.324212 0.018263 0.065863
3 0.537715 0.378479 0.022437 0.066790
3 0.567457 0.487013 0.023481 0.074212
3 0.469098 0.433210 0.022959 0.064935
3 0.567196 0.226809 0.018785 0.051020
4 0.478490 0.375232 0.026090 0.060297
4 0.196197 0.219388 0.020872 0.052876
1 0.603722 0.867347 0.026090 0.107607
1 0.138799 0.937384 0.029221 0.114100
0 0.203241 0.786642 0.020350 0.025974
