3 0.308160 0.465278 0.015625 0.066358
3 0.317708 0.608025 0.020833 0.067901
3 0.371094 0.474537 0.016493 0.060185
3 0.475260 0.323302 0.014757 0.054012
3 0.490017 0.750000 0.019965 0.083333
3 0.570312 0.583333 0.017361 0.067901
3 0.621094 0.590278 0.018229 0.060185
3 0.695747 0.673611 0.021701 0.069444
3 0.565972 0.439815 0.019097 0.046296
3 0.618056 0.464506 0.019097 0.049383
3 0.633681 0.388117 0.019097 0.047840
3 0.723090 0.280864 0.010417 0.043210
3 0.760417 0.361883 0.015625 0.044753
3 0.812500 0.455247 0.012153 0.055556
3 0.828559 0.506173 0.019965 0.055556
3 0.790799 0.418981 0.010417 0.044753
3 0.784288 0.558642 0.013021 0.074074
3 0.796875 0.577160 0.015625 0.052469
3 0.215712 0.630401 0.021701 0.075617
0 0.234375 0.642747 0.015625 0.026235
2 0.021267 0.462963 0.023438 0.058642
4 0.572917 0.391975 0.019097 0.055556
4 0.388889 0.273148 0.012153 0.033951
1 0.382378 0.811728 0.023438 0.083333
1 0.739149 0.793210 0.030382 0.101852
