3 0.277344 0.634259 0.023438 0.077160
3 0.353733 0.533179 0.021701 0.069444
3 0.338542 0.440586 0.017361 0.060185
3 0.391927 0.435185 0.023438 0.052469
3 0.474392 0.716821 0.030382 0.075617
3 0.501736 0.493056 0.019097 0.054012
3 0.598958 0.521605 0.017361 0.061728
3 0.527344 0.404321 0.021701 0.046296
3 0.412326 0.314815 0.010417 0.049383
3 0.568142 0.413580 0.011285 0.049383
3 0.544271 0.347994 0.013889 0.041667
3 0.716146 0.654321 0.024306 0.080247
3 0.721354 0.459877 0.017361 0.049383
3 0.729601 0.286265 0.014757 0.032407
3 0.731771 0.341049 0.017361 0.040123
3 0.750434 0.404321 0.018229 0.043210
3 0.760851 0.521605 0.016493 0.070988
3 0.782986 0.523148 0.015625 0.061728
3 0.755642 0.453704 0.016493 0.049383
3 0.772569 0.424383 0.013889 0.052469
4 0.562500 0.371142 0.012153 0.057099
4 0.877170 0.787809 0.023438 0.081790
4 0.412326 0.274691 0.013889 0.043210
2 0.135417 0.459877 0.017361 0.055556
0 0.154080 0.476080 0.013021 0.029321
1 0.481337 0.798611 0.033854 0.072531
1 0.841146 0.818673 0.034722 0.087963
1 0.708333 0.859568 0.039931 0.101852
