3 0.171007 0.617284 0.020833 0.064815
3 0.210503 0.606481 0.018229 0.064815
3 0.142361 0.438272 0.015625 0.040123
3 0.176649 0.518519 0.016493 0.055556
3 0.232639 0.518519 0.019097 0.052469
3 0.326823 0.457562 0.013021 0.047840
3 0.250000 0.354938 0.019097 0.049383
3 0.304688 0.346451 0.015625 0.041667
3 0.339844 0.422068 0.018229 0.044753
3 0.424479 0.510802 0.027778 0.052469
3 0.505642 0.586420 0.014757 0.055556
3 0.575087 0.611111 0.018229 0.055556
3 0.538628 0.472222 0.014757 0.040123
3 0.582899 0.378086 0.021701 0.052469
3 0.647569 0.464506 0.012153 0.064815
3 0.523872 0.527778 0.014757 0.052469
3 0.759549 0.536265 0.012153 0.057099
3 0.776476 0.534722 0.021701 0.047840
3 0.478299 0.471451 0.017361 0.050926
0 0.480035 0.502315 0.013889 0.016975
2 0.807292 0.387346 0.015625 0.058642
3 0.751302 0.406636 0.021701 0.041667
4 0.439236 0.413580 0.015625 0.049383
4 0.906250 0.615741 0.020833 0.077160
4 0.114583 0.304784 0.012153 0.041667
1 0.023872 0.858025 0.025174 0.095679
1 0.463542 0.751543 0.026042 0.064815
1 0.245660 0.842593 0.031250 0.061728
