2 0.100260 0.453704 0.018229 0.052469
3 0.424479 0.452160 0.013889 0.064815
3 0.367622 0.452160 0.016493 0.052469
3 0.273872 0.589506 0.023438 0.058642
3 0.345052 0.566358 0.014757 0.064815
3 0.539497 0.731481 0.019965 0.074074
3 0.608941 0.557870 0.016493 0.066358
3 0.651476 0.567901 0.016493 0.055556
3 0.598090 0.432870 0.010417 0.050926
3 0.638455 0.450617 0.016493 0.055556
3 0.658420 0.383488 0.014757 0.044753
3 0.523003 0.318673 0.014757 0.038580
3 0.778646 0.655864 0.019097 0.061728
3 0.785156 0.290123 0.007812 0.027778
3 0.796441 0.361883 0.011285 0.038580
3 0.807292 0.415895 0.017361 0.054012
3 0.831597 0.414352 0.019097 0.038580
3 0.825955 0.547840 0.011285 0.064815
3 0.847222 0.542438 0.022569 0.060185
3 0.847222 0.480710 0.008681 0.044753
3 0.853299 0.454475 0.024306 0.057099
4 0.597222 0.387346 0.013889 0.046296
4 0.436198 0.273148 0.014757 0.033951
1 0.442274 0.792438 0.028646 0.075617
1 0.804688 0.779321 0.020833 0.077160
0 0.166233 0.523148 0.007812 0.021605
