2 0.163628 0.472994 0.025174 0.057099
3 0.250868 0.649691 0.031250 0.064815
3 0.431424 0.724537 0.024306 0.066358
3 0.296875 0.472994 0.019097 0.054012
3 0.346354 0.544753 0.024306 0.064815
3 0.331163 0.456790 0.013021 0.055556
3 0.399740 0.323302 0.018229 0.038580
3 0.463976 0.488426 0.021701 0.057099
3 0.470052 0.396605 0.014757 0.049383
3 0.497396 0.358796 0.017361 0.054012
3 0.542969 0.419753 0.021701 0.049383
3 0.573785 0.522377 0.027778 0.072531
3 0.647135 0.497685 0.023437 0.047840
3 0.710069 0.654321 0.026042 0.074074
3 0.800347 0.531636 0.022569 0.075617
3 0.771267 0.514660 0.018229 0.066358
3 0.684028 0.295525 0.022569 0.035494
3 0.707899 0.340278 0.021701 0.044753
3 0.746094 0.425154 0.013021 0.057099
3 0.763455 0.467593 0.016493 0.043210
3 0.768229 0.428241 0.020833 0.047840
4 0.599826 0.382716 0.017361 0.055556
4 0.411024 0.280093 0.016493 0.041667
4 0.898438 0.787809 0.034722 0.075617
0 0.394965 0.388117 0.015625 0.029321
1 0.478733 0.817901 0.026910 0.111111
1 0.825955 0.824846 0.035590 0.081790
1 0.689236 0.861111 0.039931 0.092593
