2 0.872710 0.393321 0.037048 0.081633
4 0.445878 0.446197 0.023481 0.061224
4 0.907149 0.684137 0.030786 0.073284
4 0.259334 0.292208 0.017741 0.031540
0 0.411178 0.630334 0.008349 0.019481
3 0.714083 0.596939 0.021394 0.071429
3 0.679905 0.524119 0.027134 0.074212
3 0.619115 0.563544 0.023481 0.069573
3 0.723736 0.466141 0.022959 0.056586
3 0.703647 0.419295 0.016176 0.059369
3 0.629812 0.378015 0.022959 0.062152
3 0.541628 0.500928 0.018785 0.055659
3 0.506928 0.479592 0.023481 0.057514
3 0.395263 0.425788 0.021394 0.040816
3 0.382479 0.500464 0.019828 0.054731
3 0.464141 0.587199 0.017219 0.066790
3 0.427876 0.613636 0.027134 0.073284
3 0.351693 0.562152 0.018785 0.063080
3 0.342040 0.714286 0.034961 0.066790
3 0.331865 0.652134 0.025046 0.057514
3 0.338126 0.610390 0.015654 0.044527
3 0.327429 0.578386 0.014089 0.062152
3 0.261943 0.451763 0.025046 0.064935
3 0.265074 0.361317 0.016698 0.043599
3 0.284642 0.329314 0.017219 0.038961
1 0.210546 0.799629 0.026612 0.096475
1 0.630334 0.747217 0.025046 0.060297
1 0.409352 0.805659 0.025568 0.080705
