3 0.279080 0.626543 0.026910 0.074074
3 0.477865 0.717593 0.035590 0.070988
3 0.340278 0.439815 0.015625 0.058642
3 0.352431 0.527006 0.022569 0.066358
3 0.403212 0.429784 0.014757 0.057099
3 0.419271 0.307099 0.012153 0.043210
3 0.513455 0.495370 0.016493 0.052469
3 0.608073 0.526235 0.019965 0.058642
3 0.532118 0.406636 0.015625 0.047840
3 0.576389 0.417438 0.019097 0.054012
3 0.554688 0.341821 0.010417 0.047840
3 0.740451 0.288580 0.010417 0.037037
3 0.734375 0.344136 0.012153 0.037037
3 0.754774 0.398148 0.016493 0.052469
3 0.731337 0.450617 0.013021 0.049383
3 0.728299 0.643519 0.013889 0.064815
3 0.765625 0.524691 0.012153 0.061728
3 0.793403 0.523148 0.015625 0.058642
3 0.759115 0.449074 0.009549 0.046296
3 0.780382 0.429012 0.017361 0.043210
4 0.886719 0.782407 0.026910 0.077160
4 0.557292 0.375772 0.017361 0.041667
4 0.414931 0.271605 0.012153 0.030864
0 0.148003 0.479938 0.007812 0.009259
2 0.128906 0.459877 0.013021 0.058642
1 0.484375 0.801698 0.026042 0.087963
1 0.844184 0.828704 0.046007 0.086420
1 0.706597 0.863426 0.029514 0.100309
