3 0.202691 0.604167 0.019965 0.078704
3 0.164497 0.506173 0.018229 0.080247
3 0.200087 0.516204 0.018229 0.078704
3 0.321181 0.589506 0.020833 0.077160
3 0.194010 0.347994 0.018229 0.057099
3 0.322049 0.420525 0.015625 0.066358
3 0.473090 0.651235 0.019097 0.074074
3 0.512587 0.510031 0.019965 0.066358
3 0.376302 0.398148 0.014757 0.055556
3 0.566840 0.314043 0.017361 0.047840
3 0.546007 0.446759 0.020833 0.066358
3 0.678819 0.568673 0.026042 0.063272
3 0.697917 0.641204 0.031250 0.072531
3 0.658420 0.469136 0.026910 0.080247
3 0.455295 0.540895 0.030382 0.066358
3 0.429687 0.526235 0.020833 0.077160
3 0.442274 0.264660 0.018229 0.060185
3 0.713976 0.497685 0.018229 0.078704
3 0.782552 0.552469 0.032118 0.086420
3 0.793403 0.470679 0.026042 0.070988
0 0.786458 0.477623 0.012153 0.016975
4 0.951389 0.793210 0.036458 0.086420
4 0.448351 0.385031 0.019965 0.066358
4 0.210069 0.225309 0.015625 0.049383
1 0.165365 0.932870 0.032118 0.112654
1 0.613715 0.873457 0.027778 0.086420
1 0.438802 0.939815 0.026910 0.101852
