3 0.121094 0.434414 0.014757 0.047840
3 0.119358 0.548611 0.013021 0.050926
3 0.136285 0.559414 0.017361 0.060185
3 0.196181 0.628858 0.013889 0.063272
3 0.282118 0.449846 0.013889 0.050926
3 0.214410 0.620370 0.010417 0.067901
3 0.424045 0.533179 0.019965 0.066358
3 0.500434 0.533179 0.018229 0.066358
3 0.466146 0.456019 0.013889 0.050926
3 0.526910 0.493056 0.020833 0.050926
3 0.617187 0.609568 0.017361 0.055556
3 0.681858 0.624228 0.028646 0.060185
3 0.586806 0.454475 0.019097 0.054012
3 0.644097 0.411265 0.015625 0.050926
3 0.711806 0.432099 0.015625 0.055556
3 0.841146 0.543981 0.013889 0.066358
3 0.919705 0.574074 0.018229 0.055556
4 0.405382 0.413580 0.013889 0.055556
3 0.347656 0.351080 0.014757 0.044753
3 0.303819 0.423611 0.015625 0.050926
3 0.302517 0.352623 0.013021 0.035494
4 0.935330 0.611883 0.019965 0.060185
4 0.094184 0.307099 0.009549 0.037037
1 0.018663 0.851852 0.023438 0.086420
1 0.460503 0.753086 0.026910 0.074074
1 0.242622 0.837963 0.021701 0.064815
