4 0.410590 0.371914 0.020833 0.058642
3 0.198785 0.311728 0.024306 0.055556
3 0.125868 0.511574 0.020833 0.091049
3 0.180556 0.496142 0.022569 0.078704
3 0.200087 0.726080 0.030382 0.118827
3 0.288628 0.680556 0.021701 0.095679
3 0.319444 0.578704 0.024306 0.074074
3 0.461372 0.627315 0.026910 0.078704
3 0.728733 0.796296 0.028646 0.080247
3 0.830729 0.604938 0.020833 0.086420
3 0.697917 0.446759 0.022569 0.066358
3 0.529080 0.455247 0.025174 0.070988
3 0.413194 0.429012 0.026042 0.067901
3 0.466580 0.360340 0.025174 0.057099
3 0.500434 0.231481 0.018229 0.043210
3 0.575521 0.307099 0.020833 0.055556
3 0.615885 0.347222 0.025174 0.058642
3 0.671007 0.392747 0.020833 0.069444
3 0.647135 0.430556 0.025174 0.064815
3 0.598524 0.683642 0.023438 0.077160
3 0.617188 0.705247 0.027778 0.052469
4 0.970052 0.797840 0.030382 0.108025
1 0.076823 0.946759 0.026910 0.106481
1 0.364583 0.950617 0.034722 0.074074
1 0.550347 0.905093 0.029514 0.087963
0 0.627170 0.800154 0.018229 0.029321
4 0.164062 0.228395 0.020833 0.055556
