3 0.130642 0.432099 0.014757 0.049383
3 0.125000 0.545525 0.012153 0.057099
3 0.139757 0.560185 0.017361 0.064815
3 0.209201 0.635031 0.015625 0.078704
3 0.235677 0.621914 0.019965 0.070988
3 0.286024 0.445216 0.014757 0.054012
3 0.310330 0.423611 0.016493 0.050926
3 0.315104 0.345679 0.010417 0.043210
3 0.370660 0.352623 0.010417 0.044753
3 0.420139 0.535494 0.015625 0.061728
3 0.483073 0.550154 0.014757 0.057099
3 0.475260 0.450617 0.016493 0.055556
3 0.517361 0.499228 0.015625 0.047840
3 0.575521 0.445216 0.013889 0.047840
3 0.652778 0.427469 0.012153 0.046296
3 0.683160 0.435957 0.010417 0.050926
3 0.622396 0.618827 0.020833 0.052469
3 0.692274 0.638889 0.014757 0.055556
3 0.835069 0.553241 0.019097 0.057099
3 0.911892 0.566358 0.018229 0.058642
0 0.875000 0.498457 0.012153 0.015432
2 0.858073 0.413580 0.018229 0.049383
4 0.914931 0.631944 0.020833 0.063272
4 0.397135 0.417438 0.016493 0.054012
4 0.107205 0.307099 0.018229 0.040123
1 0.469184 0.755401 0.033854 0.078704
1 0.039062 0.843364 0.020833 0.106481
