3 0.189670 0.600309 0.025174 0.077160
3 0.243056 0.567901 0.019097 0.086420
3 0.474826 0.645833 0.031250 0.063272
3 0.395399 0.493056 0.014757 0.066358
3 0.347656 0.401235 0.016493 0.061728
3 0.379774 0.380401 0.023438 0.075617
3 0.233941 0.339506 0.016493 0.058642
3 0.683160 0.658951 0.027778 0.083333
3 0.513021 0.271605 0.017361 0.049383
3 0.572917 0.314043 0.017361 0.044753
3 0.207899 0.493056 0.016493 0.057099
3 0.223524 0.480710 0.019965 0.060185
3 0.497396 0.430556 0.020833 0.061728
3 0.564670 0.515432 0.025174 0.049383
3 0.552083 0.502315 0.019097 0.054012
3 0.652344 0.503858 0.016493 0.063272
3 0.656684 0.469136 0.028646 0.055556
3 0.721354 0.476852 0.017361 0.077160
3 0.770399 0.468364 0.019965 0.063272
3 0.786458 0.453704 0.020833 0.061728
4 0.965278 0.790123 0.027778 0.086420
4 0.504774 0.369599 0.018229 0.063272
4 0.276042 0.247685 0.019097 0.047840
0 0.542969 0.408951 0.016493 0.027778
1 0.280382 0.888117 0.027778 0.106481
1 0.521701 0.912037 0.031250 0.095679
1 0.682292 0.856481 0.020833 0.101852
