3 0.181424 0.589506 0.022569 0.086420
3 0.192274 0.338735 0.023438 0.069444
3 0.171007 0.490741 0.020833 0.080247
3 0.193576 0.510031 0.020833 0.069444
3 0.271701 0.574074 0.031250 0.074074
3 0.438368 0.641204 0.024306 0.075617
3 0.400174 0.524691 0.024306 0.074074
3 0.466146 0.531636 0.017361 0.072531
3 0.648438 0.655864 0.029514 0.064815
3 0.523438 0.502315 0.017361 0.063272
3 0.562934 0.304012 0.018229 0.058642
3 0.450087 0.260802 0.018229 0.046296
3 0.322917 0.408951 0.013889 0.064815
3 0.361545 0.390432 0.016493 0.052469
0 0.523003 0.432099 0.011285 0.015432
3 0.630642 0.538580 0.025174 0.070988
3 0.719618 0.520062 0.017361 0.077160
3 0.776910 0.464506 0.024306 0.064815
3 0.741753 0.487654 0.025174 0.074074
3 0.648438 0.469907 0.027778 0.066358
3 0.508681 0.436728 0.015625 0.052469
4 0.458333 0.375772 0.022569 0.066358
4 0.957031 0.799383 0.030382 0.089506
4 0.219184 0.226080 0.016493 0.038580
1 0.202257 0.926698 0.034722 0.115741
1 0.635851 0.866512 0.028646 0.091049
1 0.478299 0.935957 0.032986 0.091049
