2 0.107205 0.452160 0.013021 0.046296
0 0.114583 0.483025 0.013889 0.015432
3 0.263889 0.589506 0.015625 0.067901
3 0.348524 0.541667 0.021701 0.070988
3 0.374132 0.446759 0.013889 0.057099
3 0.437934 0.434414 0.016493 0.047840
3 0.539062 0.722994 0.017361 0.066358
3 0.593750 0.538580 0.015625 0.058642
3 0.636285 0.547840 0.017361 0.064815
3 0.616319 0.430556 0.012153 0.052469
3 0.582899 0.422840 0.014757 0.043210
3 0.632812 0.368827 0.010417 0.040123
3 0.500868 0.308642 0.019097 0.043210
3 0.783854 0.648148 0.017361 0.064815
3 0.811632 0.536265 0.020833 0.060185
3 0.846788 0.537037 0.018229 0.061728
3 0.819444 0.466049 0.019097 0.061728
3 0.844184 0.449846 0.019965 0.047840
3 0.777344 0.352623 0.014757 0.044753
3 0.792535 0.292438 0.010417 0.035494
3 0.795573 0.405864 0.014757 0.043210
3 0.812934 0.417438 0.014757 0.038580
4 0.575521 0.378086 0.013889 0.049383
4 0.426649 0.276235 0.014757 0.040123
4 0.967014 0.787037 0.026042 0.092593
1 0.447917 0.780864 0.022569 0.061728
1 0.839844 0.799383 0.021701 0.080247
1 0.704427 0.855710 0.021701 0.087963
