3 0.194878 0.645062 0.028646 0.080247
3 0.279948 0.629630 0.019965 0.098765
3 0.110677 0.527006 0.019965 0.075617
3 0.139323 0.543210 0.025174 0.077160
3 0.139757 0.371914 0.020833 0.052469
3 0.292535 0.424383 0.017361 0.070988
3 0.347656 0.399691 0.018229 0.058642
3 0.374132 0.279321 0.012153 0.052469
3 0.509983 0.313272 0.009549 0.049383
3 0.538194 0.441358 0.015625 0.064815
3 0.523872 0.516975 0.021701 0.058642
3 0.450955 0.550154 0.021701 0.072531
3 0.421007 0.543981 0.024306 0.072531
3 0.549913 0.663580 0.021701 0.086420
3 0.736111 0.658951 0.032986 0.083333
3 0.797309 0.586420 0.030382 0.080247
3 0.920573 0.591821 0.026910 0.081790
3 0.784288 0.463735 0.023438 0.078704
3 0.649306 0.455247 0.019097 0.077160
3 0.690538 0.483025 0.021701 0.077160
4 0.418837 0.390432 0.025174 0.074074
1 0.075955 0.935957 0.026910 0.097222
1 0.563802 0.869599 0.035590 0.084877
4 0.143229 0.236883 0.020833 0.038580
