3 0.268663 0.586420 0.013021 0.070988
3 0.350694 0.543210 0.010417 0.067901
3 0.542535 0.721451 0.019097 0.066358
3 0.601997 0.537809 0.021701 0.063272
3 0.643663 0.547840 0.016493 0.052469
3 0.626736 0.435957 0.013889 0.047840
3 0.589844 0.425926 0.011285 0.040123
3 0.438368 0.434414 0.010417 0.054012
3 0.376736 0.447531 0.013889 0.046296
3 0.642795 0.368827 0.013021 0.040123
3 0.512153 0.315586 0.015625 0.041667
3 0.797309 0.292438 0.018229 0.029321
3 0.786024 0.354167 0.011285 0.044753
3 0.801215 0.411265 0.015625 0.054012
3 0.786458 0.648920 0.026042 0.069444
3 0.819444 0.537809 0.015625 0.060185
3 0.850694 0.541667 0.026042 0.064815
3 0.828993 0.469907 0.013889 0.057099
3 0.852431 0.451389 0.019097 0.057099
3 0.821181 0.417438 0.015625 0.050926
4 0.584635 0.389660 0.018229 0.054012
4 0.435764 0.273148 0.012153 0.033951
4 0.978733 0.788580 0.026910 0.077160
1 0.449653 0.784722 0.019097 0.069444
1 0.835069 0.797840 0.020833 0.064815
2 0.106337 0.455247 0.014757 0.052469
0 0.128038 0.489198 0.011285 0.015432
