3 0.400174 0.712963 0.034722 0.067901
3 0.409722 0.611883 0.019097 0.066358
3 0.489583 0.579475 0.039931 0.066358
3 0.387153 0.492284 0.017361 0.058642
3 0.506944 0.475309 0.022569 0.055556
3 0.537760 0.494599 0.014757 0.054012
3 0.618490 0.561728 0.018229 0.055556
3 0.710938 0.587191 0.020833 0.072531
3 0.678819 0.518519 0.019097 0.055556
3 0.712674 0.459105 0.020833 0.057099
3 0.700955 0.416667 0.013021 0.058642
2 0.859375 0.380401 0.017361 0.063272
3 0.615451 0.375000 0.024306 0.052469
3 0.396267 0.418981 0.018229 0.057099
3 0.246962 0.445216 0.018229 0.047840
3 0.354167 0.654321 0.019097 0.064815
3 0.256076 0.357253 0.020833 0.041667
3 0.283854 0.333333 0.013889 0.037037
3 0.332031 0.570988 0.016493 0.074074
3 0.307292 0.582562 0.019097 0.060185
4 0.322917 0.618827 0.020833 0.055556
4 0.444878 0.435185 0.016493 0.055556
4 0.895833 0.675154 0.019097 0.084877
4 0.249132 0.295525 0.017361 0.035494
1 0.185764 0.806327 0.022569 0.084877
1 0.605035 0.753086 0.020833 0.086420
1 0.391493 0.802469 0.031250 0.055556
0 0.407118 0.625772 0.013889 0.016975
