3 0.152344 0.440586 0.023438 0.050926
3 0.217882 0.513117 0.020833 0.057099
3 0.268663 0.513889 0.014757 0.052469
3 0.193576 0.611111 0.022569 0.061728
3 0.162326 0.612654 0.020833 0.052469
3 0.329861 0.463735 0.019097 0.054012
3 0.241319 0.355710 0.015625 0.047840
3 0.296441 0.350309 0.014757 0.040123
3 0.336372 0.421296 0.018229 0.033951
3 0.417101 0.511574 0.018229 0.063272
3 0.577257 0.378086 0.017361 0.043210
3 0.649306 0.459877 0.013889 0.055556
3 0.525174 0.474537 0.013889 0.044753
3 0.744792 0.403549 0.015625 0.047840
3 0.556424 0.623457 0.020833 0.055556
3 0.484809 0.585648 0.019965 0.050926
3 0.527778 0.530093 0.026042 0.047840
3 0.735677 0.531636 0.014757 0.060185
3 0.760417 0.533951 0.022569 0.049383
2 0.804688 0.384259 0.020833 0.049383
4 0.438368 0.412809 0.013889 0.047840
3 0.488715 0.476852 0.024306 0.049383
0 0.490451 0.511574 0.010417 0.013889
4 0.896701 0.622685 0.024306 0.072531
4 0.122396 0.297068 0.013889 0.044753
1 0.039062 0.844907 0.017361 0.087963
1 0.476562 0.749228 0.026042 0.069444
1 0.259983 0.834105 0.023438 0.057099
