3 0.255642 0.596451 0.023438 0.057099
3 0.351997 0.521605 0.014757 0.058642
3 0.359375 0.439815 0.015625 0.046296
3 0.423611 0.418981 0.015625 0.050926
3 0.462240 0.306327 0.011285 0.047840
3 0.521267 0.716821 0.018229 0.060185
3 0.563802 0.510031 0.016493 0.060185
3 0.613715 0.522377 0.017361 0.057099
3 0.553819 0.414352 0.013889 0.057099
3 0.588542 0.414352 0.012153 0.054012
3 0.593316 0.356481 0.009549 0.033951
3 0.759115 0.641204 0.018229 0.066358
3 0.770833 0.525463 0.013889 0.060185
3 0.823785 0.523920 0.010417 0.060185
3 0.812066 0.439043 0.013021 0.054012
3 0.749566 0.346451 0.014757 0.041667
3 0.773872 0.395062 0.014757 0.030864
3 0.775174 0.459877 0.012153 0.055556
3 0.783420 0.423611 0.018229 0.023148
3 0.769965 0.282407 0.012153 0.027778
4 0.546875 0.375772 0.008681 0.041667
4 0.419271 0.273148 0.006944 0.027778
4 0.927951 0.785494 0.019097 0.070988
1 0.454861 0.787037 0.019097 0.074074
1 0.839844 0.802469 0.019965 0.080247
1 0.710938 0.853395 0.031250 0.083333
2 0.113715 0.463735 0.013889 0.054012
0 0.127604 0.483025 0.006944 0.018519
