3 0.184462 0.446759 0.016493 0.050926
3 0.217448 0.352623 0.019965 0.032407
3 0.264757 0.340278 0.017361 0.038580
3 0.305122 0.540895 0.018229 0.050926
3 0.356337 0.537037 0.013021 0.058642
3 0.349826 0.468364 0.022569 0.057099
3 0.348524 0.422068 0.018229 0.047840
3 0.181424 0.624228 0.013889 0.063272
3 0.199653 0.629630 0.024306 0.067901
3 0.422743 0.619599 0.020833 0.060185
3 0.507812 0.659722 0.013889 0.066358
3 0.492622 0.466821 0.014757 0.057099
3 0.516493 0.485340 0.015625 0.054012
3 0.523003 0.553241 0.019965 0.050926
3 0.559028 0.543981 0.024306 0.063272
3 0.707899 0.550926 0.023438 0.064815
3 0.563802 0.375000 0.014757 0.052469
3 0.662760 0.462191 0.013021 0.054012
3 0.697917 0.412037 0.015625 0.046296
3 0.682292 0.520062 0.012153 0.052469
2 0.798177 0.378858 0.023438 0.044753
4 0.868924 0.648148 0.026042 0.067901
4 0.440538 0.414352 0.014757 0.044753
4 0.166667 0.298611 0.015625 0.038580
0 0.457465 0.590278 0.013889 0.010802
1 0.091146 0.836420 0.031250 0.080247
1 0.518663 0.748457 0.023438 0.070988
1 0.305556 0.831019 0.026042 0.081790
