3 0.214844 0.631944 0.018229 0.066358
3 0.241753 0.621914 0.019965 0.070988
3 0.136285 0.427469 0.015625 0.046296
3 0.127604 0.540895 0.013889 0.057099
3 0.142795 0.550154 0.013021 0.063272
3 0.288628 0.442901 0.014757 0.046296
3 0.310330 0.424383 0.014757 0.052469
3 0.318142 0.344907 0.011285 0.038580
3 0.377604 0.354167 0.013889 0.038580
3 0.417535 0.538580 0.017361 0.058642
3 0.473958 0.539352 0.019097 0.060185
3 0.478733 0.454475 0.016493 0.050926
3 0.513021 0.504630 0.020833 0.052469
3 0.568142 0.448302 0.018229 0.041667
3 0.611111 0.615741 0.026042 0.067901
3 0.690538 0.635802 0.018229 0.061728
3 0.825521 0.557099 0.017361 0.064815
3 0.900608 0.569444 0.014757 0.052469
4 0.905382 0.628858 0.020833 0.060185
2 0.857639 0.411265 0.017361 0.044753
0 0.880642 0.520833 0.009549 0.026235
3 0.651910 0.430556 0.015625 0.046296
3 0.670573 0.445988 0.019965 0.046296
4 0.395833 0.415895 0.015625 0.057099
4 0.112413 0.297068 0.013021 0.041667
1 0.049045 0.840278 0.026910 0.087963
1 0.473958 0.744599 0.019097 0.072531
1 0.270833 0.830247 0.026042 0.049383
