3 0.273003 0.614969 0.021701 0.063272
3 0.502170 0.716049 0.019965 0.061728
3 0.350694 0.523920 0.015625 0.057099
3 0.347222 0.439815 0.015625 0.046296
3 0.414062 0.423611 0.012153 0.041667
3 0.437934 0.306327 0.006076 0.041667
3 0.539931 0.496914 0.015625 0.049383
3 0.611979 0.526235 0.019097 0.058642
3 0.740885 0.645062 0.013021 0.067901
3 0.807726 0.526235 0.016493 0.058642
3 0.769097 0.521605 0.012153 0.067901
3 0.797309 0.434414 0.011285 0.047840
3 0.742188 0.342593 0.010417 0.037037
3 0.753038 0.435957 0.007812 0.044753
3 0.766493 0.443673 0.010417 0.038580
3 0.763021 0.390432 0.010417 0.040123
3 0.757812 0.283179 0.006944 0.029321
4 0.906250 0.777778 0.022569 0.070988
4 0.549479 0.375772 0.010417 0.035494
3 0.582465 0.415895 0.010417 0.047840
3 0.542969 0.410494 0.009549 0.046296
3 0.572917 0.355710 0.012153 0.050926
4 0.416233 0.271605 0.014757 0.037037
0 0.134549 0.484568 0.010417 0.018519
2 0.122396 0.460648 0.015625 0.054012
1 0.471788 0.791667 0.023438 0.064815
1 0.841146 0.816358 0.024306 0.070988
1 0.707031 0.857253 0.021701 0.075617
