3 0.281684 0.635802 0.023438 0.086420
3 0.470920 0.719136 0.028646 0.067901
3 0.351563 0.532407 0.027778 0.061728
3 0.338108 0.439815 0.019965 0.058642
3 0.378472 0.435957 0.019097 0.057099
3 0.404080 0.312500 0.013021 0.041667
3 0.492622 0.483025 0.016493 0.064815
3 0.595052 0.522377 0.025174 0.066358
3 0.707465 0.648148 0.017361 0.080247
3 0.519531 0.401235 0.021701 0.052469
3 0.535590 0.348765 0.017361 0.049383
3 0.558160 0.408179 0.013889 0.057099
3 0.713542 0.461420 0.019097 0.067901
3 0.755208 0.524691 0.022569 0.080247
3 0.777344 0.517747 0.018229 0.060185
3 0.717014 0.285494 0.013889 0.046296
3 0.726562 0.341049 0.017361 0.040123
3 0.752604 0.408951 0.015625 0.049383
3 0.759983 0.455247 0.014757 0.052469
3 0.768663 0.418981 0.018229 0.047840
4 0.572917 0.376543 0.015625 0.055556
4 0.870660 0.788580 0.015625 0.092593
4 0.414062 0.276235 0.012153 0.037037
1 0.492622 0.818673 0.028646 0.084877
1 0.841146 0.826389 0.027778 0.078704
1 0.710069 0.865741 0.032986 0.089506
0 0.157552 0.477623 0.009549 0.013889
2 0.145399 0.456019 0.016493 0.047840
