3 0.167101 0.443673 0.016493 0.054012
3 0.217014 0.351080 0.015625 0.050926
3 0.268229 0.344907 0.017361 0.038580
3 0.286458 0.524691 0.019097 0.055556
3 0.331597 0.526235 0.022569 0.052469
3 0.342448 0.425926 0.019965 0.049383
3 0.339410 0.472994 0.020833 0.044753
3 0.427951 0.598765 0.017361 0.061728
3 0.508247 0.645833 0.018229 0.063272
3 0.487847 0.535494 0.019097 0.058642
3 0.561198 0.375000 0.019965 0.046296
3 0.708767 0.412037 0.011285 0.046296
3 0.655382 0.459877 0.013889 0.052469
3 0.689670 0.523920 0.018229 0.050926
3 0.714844 0.545525 0.013021 0.060185
3 0.512587 0.486883 0.013021 0.060185
3 0.486979 0.473765 0.017361 0.052469
0 0.542535 0.564043 0.010417 0.013889
3 0.544271 0.533951 0.020833 0.049383
3 0.174479 0.611883 0.017361 0.063272
3 0.158854 0.628086 0.017361 0.067901
2 0.790799 0.379630 0.013889 0.055556
4 0.437066 0.418210 0.019965 0.052469
4 0.868056 0.640432 0.012153 0.061728
4 0.138889 0.300154 0.022569 0.035494
1 0.072049 0.841821 0.024306 0.091049
1 0.503906 0.748457 0.016493 0.061728
