3 0.198351 0.447531 0.021701 0.061728
3 0.220052 0.351852 0.011285 0.043210
3 0.261285 0.339506 0.017361 0.037037
3 0.309896 0.553241 0.015625 0.057099
3 0.359809 0.475309 0.014757 0.049383
3 0.358073 0.420525 0.016493 0.050926
3 0.386285 0.555556 0.020833 0.052469
3 0.419705 0.635802 0.019965 0.049383
3 0.506076 0.681327 0.031250 0.063272
3 0.703125 0.559414 0.019097 0.063272
3 0.527778 0.561728 0.027778 0.055556
3 0.578125 0.541667 0.019097 0.061728
3 0.492622 0.467593 0.016493 0.043210
3 0.572917 0.378858 0.015625 0.060185
3 0.695312 0.409722 0.013889 0.047840
3 0.675347 0.462191 0.013889 0.057099
3 0.678385 0.520062 0.023437 0.058642
2 0.807292 0.385802 0.022569 0.052469
3 0.217882 0.601852 0.017361 0.070988
3 0.231771 0.614969 0.015625 0.069444
3 0.520833 0.489969 0.012153 0.054012
4 0.869358 0.648148 0.019965 0.067901
4 0.441406 0.422840 0.023438 0.061728
4 0.186632 0.294753 0.017361 0.040123
0 0.364583 0.607253 0.010417 0.020062
1 0.110243 0.821759 0.020833 0.091049
1 0.318576 0.829475 0.026042 0.087963
1 0.536024 0.756173 0.021701 0.080247
