0 0.332031 0.623457 0.009549 0.018519
3 0.228299 0.450617 0.017361 0.049383
3 0.237413 0.354938 0.013021 0.046296
3 0.274306 0.337963 0.012153 0.033951
3 0.378906 0.480710 0.014757 0.050926
3 0.384115 0.420525 0.013021 0.050926
3 0.499566 0.466049 0.014757 0.058642
3 0.531250 0.493827 0.019097 0.055556
3 0.514323 0.570216 0.016493 0.066358
3 0.406250 0.589506 0.019097 0.074074
3 0.396701 0.659722 0.017361 0.072531
3 0.473958 0.704475 0.027778 0.063272
3 0.606771 0.544753 0.020833 0.070988
3 0.705729 0.566358 0.020833 0.064815
3 0.681858 0.520062 0.016493 0.061728
3 0.694444 0.457562 0.012153 0.054012
3 0.697483 0.407407 0.014757 0.055556
3 0.595052 0.375000 0.011285 0.040123
3 0.282552 0.596451 0.018229 0.044753
3 0.295573 0.595679 0.014757 0.074074
3 0.312066 0.587191 0.016493 0.075617
4 0.448785 0.426698 0.020833 0.050926
4 0.885851 0.665123 0.019965 0.074074
4 0.220486 0.294753 0.012153 0.030864
1 0.152778 0.820988 0.022569 0.086420
1 0.357639 0.820216 0.022569 0.087963
1 0.575521 0.749228 0.017361 0.075617
2 0.834201 0.379630 0.022569 0.055556
