3 0.277778 0.634259 0.022569 0.083333
3 0.475260 0.723765 0.035590 0.077160
3 0.352431 0.535494 0.026042 0.064815
3 0.340278 0.436728 0.019097 0.064815
3 0.384549 0.433642 0.020833 0.055556
3 0.495226 0.485340 0.023438 0.060185
3 0.596354 0.522377 0.022569 0.063272
3 0.712674 0.649691 0.020833 0.077160
3 0.405816 0.313272 0.013021 0.046296
3 0.523872 0.401235 0.021701 0.049383
3 0.540799 0.349537 0.017361 0.041667
3 0.563368 0.413580 0.013889 0.046296
3 0.722656 0.290123 0.019965 0.037037
3 0.728299 0.341821 0.017361 0.041667
3 0.716146 0.463735 0.017361 0.047840
3 0.762153 0.516975 0.015625 0.070988
3 0.782986 0.521605 0.019097 0.067901
3 0.756076 0.452160 0.013889 0.052469
3 0.768229 0.426698 0.013889 0.050926
3 0.751302 0.402006 0.011285 0.050926
4 0.568142 0.372685 0.013021 0.041667
4 0.414931 0.273920 0.012153 0.029321
4 0.874132 0.790895 0.022569 0.078704
1 0.486111 0.811728 0.022569 0.074074
1 0.704861 0.858025 0.024306 0.080247
1 0.843316 0.827932 0.019965 0.091049
0 0.154948 0.475309 0.007812 0.012346
2 0.139757 0.456019 0.017361 0.050926
