0 0.677951 0.405864 0.013889 0.015432
3 0.098524 0.570216 0.018229 0.063272
3 0.119792 0.567901 0.015625 0.058642
3 0.161458 0.638117 0.012153 0.072531
3 0.182292 0.628086 0.015625 0.070988
3 0.097222 0.437500 0.012153 0.044753
3 0.263889 0.461420 0.019097 0.058642
3 0.391927 0.541667 0.016493 0.052469
3 0.562500 0.602623 0.032986 0.060185
3 0.635417 0.611883 0.022569 0.057099
3 0.517795 0.532407 0.016493 0.058642
3 0.446181 0.457562 0.019097 0.044753
3 0.251302 0.356481 0.014757 0.052469
3 0.305990 0.352623 0.018229 0.038580
3 0.290799 0.423611 0.013889 0.050926
4 0.404514 0.418210 0.015625 0.046296
3 0.536024 0.495370 0.014757 0.049383
3 0.613281 0.475309 0.021701 0.052469
3 0.607639 0.389660 0.015625 0.050926
3 0.747396 0.425154 0.019097 0.047840
3 0.801215 0.535494 0.017361 0.052469
3 0.855035 0.563272 0.017361 0.070988
2 0.817274 0.418981 0.016493 0.057099
4 0.927951 0.600309 0.019097 0.052469
4 0.067708 0.304012 0.013889 0.040123
1 0.429253 0.757716 0.016493 0.095679
1 0.208333 0.850309 0.029514 0.089506
