3 0.080096 0.753711 0.028699 0.102968
3 0.289338 0.705009 0.044353 0.096475
3 0.137755 0.512059 0.025046 0.081633
3 0.252290 0.504638 0.026612 0.074212
3 0.274988 0.301020 0.013567 0.052876
3 0.473794 0.439703 0.022959 0.070501
3 0.470141 0.653989 0.030264 0.094620
3 0.396568 0.811224 0.033395 0.101113
3 0.524930 0.764842 0.021916 0.095547
3 0.551803 0.650742 0.029743 0.082560
3 0.684601 0.622449 0.020872 0.079777
3 0.771220 0.653061 0.025046 0.103896
3 0.804093 0.483766 0.024003 0.067718
3 0.735737 0.443878 0.018785 0.069573
3 0.751391 0.402597 0.014610 0.066790
3 0.684079 0.328386 0.019828 0.063080
3 0.710169 0.366419 0.024003 0.057514
3 0.546585 0.376623 0.023481 0.070501
3 0.564848 0.477737 0.027655 0.076067
3 0.582328 0.219852 0.018785 0.053803
4 0.201415 0.220779 0.012523 0.040816
4 0.486578 0.378479 0.024525 0.059369
1 0.162541 0.933210 0.027655 0.115028
1 0.614419 0.872449 0.037048 0.104824
0 0.158888 0.772727 0.008871 0.024119
