3 0.261719 0.598765 0.016493 0.061728
3 0.354601 0.520062 0.021701 0.058642
3 0.421875 0.423611 0.012153 0.038580
3 0.355035 0.439043 0.017361 0.054012
3 0.515625 0.721451 0.019097 0.075617
3 0.614149 0.523148 0.014757 0.058642
3 0.557292 0.506173 0.017361 0.046296
3 0.587674 0.412809 0.010417 0.047840
3 0.584635 0.352623 0.013021 0.041667
3 0.452691 0.309414 0.016493 0.044753
3 0.753472 0.643519 0.015625 0.064815
3 0.767795 0.521605 0.013021 0.061728
3 0.820747 0.530864 0.018229 0.061728
3 0.808160 0.436728 0.013889 0.064815
3 0.748264 0.345679 0.012153 0.040123
3 0.766927 0.287809 0.011285 0.032407
3 0.771267 0.399691 0.014757 0.033951
3 0.770399 0.449846 0.009549 0.038580
3 0.767361 0.425154 0.010417 0.013889
3 0.552517 0.411265 0.013021 0.047840
0 0.131944 0.484568 0.012153 0.018519
2 0.118490 0.458333 0.009549 0.055556
4 0.543837 0.373457 0.014757 0.049383
4 0.417101 0.274691 0.013021 0.030864
4 0.919271 0.780864 0.022569 0.098765
1 0.460069 0.795525 0.026042 0.066358
1 0.839844 0.812500 0.019965 0.063272
1 0.707031 0.856481 0.023438 0.064815
