3 0.200087 0.610340 0.025174 0.084877
3 0.152344 0.507716 0.021701 0.064815
3 0.191840 0.516204 0.019097 0.066358
3 0.182726 0.345679 0.014757 0.055556
3 0.317708 0.590278 0.022569 0.075617
3 0.479167 0.652778 0.019097 0.064815
3 0.316406 0.426698 0.014757 0.050926
3 0.370660 0.395062 0.017361 0.061728
3 0.429253 0.263889 0.016493 0.052469
3 0.516059 0.503086 0.025174 0.061728
3 0.559028 0.312500 0.012153 0.047840
3 0.655382 0.466821 0.022569 0.072531
3 0.549045 0.449074 0.014757 0.061728
3 0.703993 0.638117 0.027778 0.063272
3 0.694444 0.567130 0.022569 0.054012
3 0.705295 0.489969 0.021701 0.075617
3 0.792101 0.473765 0.019965 0.074074
3 0.802083 0.561728 0.019097 0.067901
0 0.850260 0.549383 0.014757 0.033951
4 0.961806 0.779321 0.032986 0.095679
4 0.440104 0.378858 0.019097 0.066358
3 0.428385 0.531636 0.016493 0.091049
3 0.450955 0.544753 0.021701 0.089506
4 0.198351 0.221451 0.016493 0.038580
1 0.141059 0.927469 0.025174 0.098765
1 0.605035 0.870370 0.026042 0.095679
1 0.415799 0.939043 0.027778 0.106481
