3 0.203241 0.318646 0.021394 0.062152
3 0.132276 0.524583 0.028699 0.075139
3 0.206894 0.501855 0.020350 0.066790
3 0.158627 0.751855 0.032352 0.097403
3 0.335517 0.682746 0.036526 0.085343
3 0.391350 0.621985 0.022959 0.082560
3 0.553629 0.661410 0.029221 0.077922
3 0.657207 0.687848 0.031830 0.078850
1 0.558587 0.810761 0.028699 0.089054
3 0.655380 0.786642 0.045918 0.074212
3 0.851316 0.672078 0.039135 0.097403
3 0.756088 0.459184 0.021916 0.072356
3 0.680166 0.437848 0.018263 0.070501
3 0.556760 0.478200 0.021916 0.069573
3 0.702342 0.406772 0.016698 0.064007
3 0.652771 0.362709 0.017741 0.055659
3 0.615463 0.315863 0.014089 0.052876
3 0.495449 0.367811 0.020350 0.058442
3 0.424745 0.430427 0.020872 0.066790
3 0.516582 0.237013 0.014610 0.049165
4 0.422919 0.377551 0.018263 0.050093
4 0.170889 0.228664 0.018263 0.041744
4 0.985419 0.791280 0.025568 0.120594
0 0.516060 0.841837 0.011480 0.017625
1 0.076705 0.945733 0.024003 0.108534
1 0.570066 0.904453 0.032873 0.092764
1 0.386914 0.956865 0.034961 0.086271
