3 0.217014 0.609568 0.015625 0.077160
3 0.268229 0.554012 0.027778 0.077160
3 0.289931 0.330247 0.020833 0.061728
3 0.381944 0.406636 0.019097 0.063272
3 0.413628 0.487654 0.019965 0.067901
3 0.468750 0.654321 0.027778 0.067901
3 0.244358 0.483025 0.014757 0.052469
3 0.257812 0.464506 0.017361 0.064815
3 0.419271 0.374228 0.013889 0.057099
3 0.506944 0.431327 0.022569 0.050926
3 0.564670 0.277006 0.013021 0.044753
3 0.611111 0.322531 0.019097 0.046296
3 0.565104 0.499228 0.010417 0.060185
3 0.578125 0.496914 0.015625 0.061728
3 0.688802 0.655864 0.028646 0.070988
3 0.727431 0.478395 0.026042 0.067901
0 0.694878 0.479938 0.018229 0.018519
3 0.765191 0.439043 0.016493 0.060185
3 0.744792 0.455247 0.019097 0.064815
3 0.659722 0.476080 0.022569 0.050926
3 0.677951 0.487654 0.006944 0.058642
4 0.537326 0.376543 0.013889 0.055556
4 0.926215 0.785494 0.032986 0.092593
4 0.326389 0.262346 0.015625 0.027778
1 0.345486 0.853395 0.022569 0.101852
1 0.572917 0.881173 0.029514 0.108025
1 0.724392 0.833333 0.021701 0.080247
