3 0.251302 0.644290 0.025174 0.078704
3 0.427951 0.726852 0.020833 0.074074
3 0.353733 0.540895 0.032118 0.081790
3 0.468750 0.488426 0.019097 0.060185
3 0.336806 0.449846 0.019097 0.054012
3 0.301215 0.469136 0.017361 0.055556
3 0.577691 0.520833 0.018229 0.060185
3 0.670573 0.495370 0.019965 0.058642
3 0.714844 0.657407 0.030382 0.074074
3 0.481337 0.391975 0.019965 0.052469
3 0.407552 0.319444 0.013021 0.037037
3 0.509549 0.356481 0.017361 0.046296
3 0.550781 0.418210 0.016493 0.046296
3 0.798177 0.529321 0.014757 0.070988
3 0.697049 0.290123 0.008681 0.040123
3 0.719618 0.338735 0.017361 0.035494
3 0.779080 0.515432 0.018229 0.067901
3 0.754340 0.428241 0.012153 0.050926
3 0.767361 0.463735 0.019097 0.050926
3 0.773872 0.425926 0.021701 0.043210
4 0.602865 0.382716 0.023438 0.052469
4 0.898003 0.789352 0.025174 0.087963
4 0.419271 0.277778 0.013889 0.030864
2 0.180556 0.474537 0.022569 0.060185
0 0.265191 0.449846 0.013021 0.020062
1 0.487847 0.812500 0.032986 0.094136
1 0.702257 0.867284 0.026042 0.080247
1 0.846354 0.824074 0.029514 0.080247
