3 0.257378 0.638117 0.019965 0.069444
3 0.440538 0.726080 0.030382 0.075617
3 0.355035 0.537037 0.017361 0.061728
3 0.313802 0.460648 0.021701 0.050926
3 0.337674 0.448302 0.020833 0.054012
3 0.402778 0.319444 0.015625 0.043210
3 0.470920 0.483025 0.016493 0.064815
3 0.488715 0.391975 0.017361 0.040123
3 0.548611 0.416667 0.019097 0.049383
3 0.514323 0.351852 0.025174 0.037037
3 0.578125 0.517747 0.019097 0.063272
3 0.679253 0.483025 0.016493 0.049383
3 0.705729 0.660494 0.020833 0.074074
3 0.699219 0.287037 0.014757 0.043210
3 0.720486 0.335648 0.019097 0.047840
3 0.764757 0.458333 0.013889 0.052469
3 0.773872 0.524691 0.016493 0.052469
3 0.782118 0.498457 0.024306 0.033951
3 0.753038 0.425926 0.011285 0.046296
3 0.764757 0.415123 0.017361 0.040123
4 0.598524 0.377315 0.011285 0.038580
4 0.414497 0.275463 0.009549 0.041667
4 0.886719 0.789352 0.025174 0.094136
1 0.493490 0.820988 0.019965 0.080247
1 0.840278 0.834877 0.026042 0.083333
1 0.697483 0.870370 0.030382 0.098765
2 0.157118 0.465278 0.017361 0.047840
0 0.169271 0.493827 0.010417 0.018519
