3 0.125434 0.401235 0.018229 0.052469
3 0.103733 0.538580 0.018229 0.064815
3 0.125000 0.547840 0.019097 0.070988
3 0.187934 0.640432 0.016493 0.070988
3 0.247830 0.625000 0.028646 0.064815
3 0.398003 0.547068 0.021701 0.066358
3 0.439236 0.550926 0.019097 0.058642
3 0.562934 0.645062 0.023438 0.074074
3 0.690972 0.661265 0.031250 0.069444
3 0.793403 0.576389 0.026042 0.069444
3 0.901042 0.598765 0.029514 0.080247
0 0.942708 0.611883 0.008681 0.023148
3 0.703993 0.447531 0.013889 0.061728
3 0.644531 0.461420 0.018229 0.058642
3 0.591580 0.449846 0.019965 0.063272
3 0.502170 0.518519 0.016493 0.055556
3 0.494792 0.449074 0.019097 0.058642
3 0.438368 0.338735 0.013889 0.054012
3 0.315104 0.413580 0.017361 0.061728
3 0.270833 0.439815 0.022569 0.055556
3 0.328993 0.314043 0.013889 0.054012
2 0.940972 0.387346 0.022569 0.046296
4 0.935764 0.687500 0.020833 0.066358
4 0.387587 0.408951 0.018229 0.064815
4 0.111979 0.267747 0.013889 0.050926
1 0.053819 0.883488 0.024306 0.097222
1 0.508247 0.809414 0.019965 0.057099
