3 0.269965 0.591821 0.017361 0.072531
3 0.345052 0.552469 0.023438 0.061728
3 0.372396 0.449074 0.020833 0.052469
3 0.433160 0.442901 0.020833 0.046296
3 0.517795 0.315586 0.011285 0.054012
3 0.544271 0.720679 0.020833 0.061728
3 0.604601 0.553241 0.018229 0.066358
3 0.647569 0.555556 0.015625 0.067901
3 0.593316 0.425926 0.014757 0.049383
3 0.631076 0.443673 0.013889 0.050926
3 0.649306 0.372685 0.015625 0.060185
4 0.590712 0.387346 0.009549 0.040123
3 0.792969 0.287037 0.009549 0.043210
3 0.792101 0.353395 0.016493 0.040123
3 0.788194 0.651235 0.020833 0.061728
3 0.826389 0.540123 0.015625 0.064815
3 0.849826 0.538580 0.010417 0.052469
3 0.838542 0.474537 0.015625 0.063272
3 0.850694 0.455247 0.015625 0.043210
3 0.803819 0.415123 0.010417 0.049383
3 0.823785 0.415123 0.013889 0.052469
2 0.105035 0.453704 0.012153 0.046296
0 0.138889 0.496142 0.008681 0.016975
4 0.436198 0.277006 0.013021 0.044753
4 0.992622 0.793467 0.014757 0.077675
1 0.826389 0.795525 0.015625 0.087963
1 0.449219 0.780864 0.021701 0.086420
1 0.697049 0.848765 0.027778 0.080247
