3 0.098090 0.436728 0.017361 0.052469
3 0.098524 0.561728 0.013021 0.067901
3 0.120226 0.560957 0.016493 0.057099
3 0.164062 0.634259 0.013889 0.064815
3 0.187934 0.630401 0.019965 0.066358
3 0.398003 0.537037 0.019965 0.061728
3 0.263455 0.456019 0.021701 0.057099
3 0.286024 0.421296 0.014757 0.052469
3 0.258681 0.353395 0.015625 0.046296
3 0.312500 0.353395 0.008681 0.046296
3 0.447917 0.454475 0.012153 0.047840
3 0.514323 0.534722 0.013021 0.054012
3 0.572483 0.600309 0.014757 0.058642
3 0.648003 0.608796 0.018229 0.069444
3 0.599826 0.464506 0.013889 0.064815
3 0.527344 0.485340 0.013021 0.047840
3 0.618924 0.399691 0.013889 0.049383
3 0.808160 0.526235 0.010417 0.058642
3 0.735677 0.423611 0.013021 0.050926
0 0.766493 0.416667 0.017361 0.024691
3 0.872396 0.561728 0.019097 0.074074
4 0.928819 0.598765 0.017361 0.049383
4 0.401042 0.417438 0.015625 0.041667
4 0.069878 0.309414 0.013021 0.026235
1 0.432726 0.751543 0.023438 0.070988
1 0.214844 0.849537 0.021701 0.081790
2 0.824653 0.415123 0.020833 0.049383
