0 0.231903 0.615111 0.017902 0.069764
0 0.466615 0.673644 0.017086 0.069987
0 0.429843 0.487175 0.012802 0.058274
0 0.585990 0.495285 0.012920 0.058713
0 0.690763 0.652505 0.021970 0.065536
0 0.406289 0.395409 0.013218 0.042180
0 0.554703 0.377021 0.011189 0.044803
0 0.380664 0.838882 0.016544 0.088125
0 0.911611 0.783127 0.020376 0.077627
0 0.287968 0.552831 0.016581 0.065975
0 0.747772 0.818550 0.019814 0.069950
0 0.277422 0.459073 0.012018 0.050363
0 0.562041 0.499280 0.016415 0.052160
0 0.604044 0.877623 0.019777 0.089959
