0 0.567855 0.604546 0.013566 0.058305
0 0.805173 0.536371 0.013758 0.053442
0 0.404219 0.418064 0.010347 0.043574
0 0.608495 0.476354 0.012153 0.045626
0 0.640689 0.615512 0.018148 0.056441
0 0.180765 0.626634 0.013087 0.077516
0 0.429174 0.751118 0.015844 0.061958
0 0.395263 0.539652 0.014777 0.057652
0 0.262332 0.463672 0.014408 0.050351
0 0.161712 0.639703 0.015497 0.070054
0 0.532087 0.492618 0.011840 0.042935
0 0.928892 0.602188 0.015036 0.052561
0 0.443929 0.457523 0.011764 0.044821
0 0.287425 0.423313 0.014764 0.043840
