0 0.174357 0.502079 0.013902 0.070712
0 0.189407 0.925322 0.021599 0.110276
0 0.462182 0.943055 0.025359 0.111652
0 0.200199 0.599922 0.017710 0.073376
0 0.952922 0.796801 0.034794 0.080726
0 0.329338 0.419180 0.012741 0.059255
0 0.311856 0.580257 0.020624 0.073986
0 0.455665 0.641375 0.028445 0.065527
0 0.631292 0.862995 0.022986 0.076252
0 0.424635 0.525458 0.020757 0.069972
0 0.204075 0.509606 0.014412 0.064760
0 0.457698 0.376276 0.013971 0.054642
0 0.201708 0.340836 0.013967 0.052352
0 0.790254 0.473308 0.016669 0.057985
0 0.524256 0.502872 0.014506 0.056906
0 0.459909 0.538680 0.022090 0.071285
0 0.531217 0.470815 0.029135 0.117836
0 0.731575 0.491498 0.018928 0.062125
0 0.311896 0.984809 0.023393 0.028530
