0 0.278672 0.627325 0.014262 0.065092
0 0.792397 0.522240 0.012012 0.060807
0 0.706511 0.872177 0.021177 0.097901
0 0.533829 0.399143 0.012322 0.032342
0 0.353240 0.531528 0.013669 0.057989
0 0.732588 0.451613 0.010938 0.048975
0 0.885907 0.790564 0.019841 0.077341
0 0.606112 0.523761 0.013734 0.061181
0 0.848928 0.820220 0.017622 0.066600
0 0.779817 0.433267 0.012608 0.056738
0 0.556656 0.363741 0.011579 0.063201
0 0.402417 0.433743 0.012924 0.049025
0 0.514191 0.493242 0.012344 0.054553
0 0.727368 0.646747 0.014484 0.062875
0 0.767470 0.528541 0.011892 0.063206
0 0.340768 0.443158 0.011815 0.048610
