0 0.561166 0.510449 0.012727 0.055764
0 0.423683 0.424603 0.011758 0.044315
0 0.707020 0.876211 0.021842 0.105113
0 0.357165 0.438695 0.009325 0.037240
0 0.354726 0.526254 0.013062 0.056721
0 0.923078 0.791798 0.015667 0.073638
0 0.260311 0.604479 0.015429 0.060097
0 0.821333 0.529116 0.014744 0.051756
0 0.810588 0.439978 0.012237 0.047375
0 0.546391 0.381552 0.010399 0.043958
0 0.116541 0.459468 0.010831 0.045893
0 0.518831 0.719391 0.020177 0.063808
0 0.613594 0.525638 0.014364 0.053341
0 0.757538 0.643784 0.014668 0.062024
