0 0.129345 0.520214 0.015354 0.072109
0 0.203861 0.630879 0.014488 0.083791
0 0.303897 0.428043 0.015250 0.065800
0 0.099715 0.942742 0.021820 0.112663
0 0.792956 0.478112 0.021369 0.060294
0 0.431372 0.537673 0.015196 0.067688
0 0.158785 0.368341 0.014139 0.059067
0 0.735878 0.653011 0.018866 0.062945
0 0.300467 0.617285 0.018512 0.079743
0 0.360367 0.405320 0.011792 0.054760
0 0.373998 0.947089 0.022639 0.103970
0 0.544359 0.447792 0.019942 0.062171
0 0.394605 0.279335 0.012937 0.047984
0 0.889587 0.580430 0.026974 0.070353
0 0.531810 0.664991 0.018252 0.071050
0 0.428915 0.538290 0.017734 0.073425
0 0.160054 0.540087 0.018762 0.062228
0 0.699074 0.493712 0.016352 0.063745
0 0.451971 0.551155 0.017231 0.066627
0 0.528445 0.514606 0.018192 0.064528
0 0.428453 0.392493 0.014436 0.060546
0 0.523590 0.514826 0.026865 0.060386
