0 0.508668 0.490634 0.012656 0.053300
0 0.880925 0.787472 0.020767 0.078664
0 0.530649 0.404464 0.013770 0.044854
0 0.133135 0.460785 0.012095 0.044009
0 0.354177 0.531891 0.011576 0.057026
0 0.848083 0.819884 0.018033 0.067786
0 0.722180 0.648854 0.014500 0.067046
0 0.340749 0.443182 0.011057 0.050082
0 0.603325 0.521829 0.011127 0.053759
0 0.397079 0.434075 0.010306 0.047188
0 0.787199 0.520638 0.013342 0.055169
0 0.705379 0.869165 0.018898 0.093845
0 0.277179 0.632908 0.014560 0.065081
0 0.753960 0.427475 0.016775 0.096158
0 0.765391 0.527127 0.011912 0.062906
