0 0.499508 0.489959 0.013960 0.053143
0 0.277508 0.635142 0.014894 0.066230
0 0.781718 0.521415 0.011049 0.056740
0 0.719003 0.458242 0.012464 0.043373
0 0.872664 0.788313 0.019624 0.072655
0 0.353836 0.532919 0.013184 0.058714
0 0.847113 0.820316 0.016708 0.070439
0 0.598619 0.521808 0.013962 0.055254
0 0.714692 0.650304 0.013333 0.063491
0 0.477808 0.721460 0.017731 0.063913
0 0.524309 0.401219 0.015586 0.041314
0 0.705294 0.869829 0.018494 0.092276
0 0.388318 0.434428 0.012861 0.049487
0 0.769623 0.433003 0.013806 0.049925
