0 0.666428 0.493399 0.010085 0.046942
0 0.845241 0.821380 0.020911 0.070982
0 0.799091 0.525729 0.012963 0.065707
0 0.779357 0.510852 0.011517 0.053735
0 0.179758 0.475701 0.015254 0.044576
0 0.491995 0.821369 0.016529 0.084432
0 0.468811 0.489098 0.014649 0.052403
0 0.604547 0.382381 0.010164 0.038584
0 0.894404 0.792622 0.024454 0.071155
0 0.430031 0.728311 0.018739 0.065126
0 0.356216 0.543864 0.016177 0.063760
0 0.714765 0.654889 0.017034 0.059821
0 0.482019 0.394719 0.012394 0.037717
0 0.578684 0.519599 0.013644 0.054803
0 0.754671 0.431728 0.012575 0.051571
0 0.253027 0.641442 0.015978 0.059976
0 0.702223 0.872056 0.019314 0.085083
