0 0.623265 0.499621 0.014519 0.050338
0 0.122368 0.459181 0.013607 0.050611
0 0.453065 0.821693 0.017991 0.087686
0 0.333394 0.541898 0.012574 0.061444
0 0.458183 0.496755 0.013100 0.043685
0 0.297049 0.479051 0.010678 0.044738
0 0.704415 0.652960 0.018287 0.061196
0 0.259184 0.636645 0.014242 0.060129
0 0.773457 0.512569 0.015656 0.048711
0 0.565928 0.516991 0.019775 0.053369
0 0.318069 0.456689 0.012114 0.044500
0 0.802374 0.816616 0.019013 0.063042
0 0.898848 0.779682 0.020312 0.069386
0 0.732287 0.438023 0.017719 0.052759
