0 0.201377 0.616273 0.027986 0.083378
0 0.128794 0.939055 0.024634 0.116107
0 0.181268 0.526201 0.019735 0.075701
0 0.368277 0.401340 0.018228 0.061910
0 0.403415 0.944493 0.022831 0.109162
0 0.142455 0.514672 0.019348 0.070546
0 0.716501 0.644324 0.025109 0.060287
0 0.700596 0.496862 0.026411 0.065949
0 0.789183 0.479770 0.024403 0.072416
0 0.492824 0.658073 0.021500 0.065020
0 0.655947 0.466442 0.020871 0.070939
0 0.431948 0.536310 0.015539 0.075063
0 0.514254 0.509823 0.019409 0.057963
0 0.435987 0.382110 0.016381 0.048142
0 0.312211 0.425618 0.015676 0.060417
0 0.546378 0.450238 0.013458 0.060304
0 0.316793 0.599567 0.016796 0.088268
0 0.175244 0.359694 0.017189 0.056977
0 0.975359 0.782484 0.023901 0.075112
