0 0.794690 0.583542 0.023334 0.064496
0 0.054622 0.899781 0.024039 0.106291
0 0.899816 0.595263 0.033080 0.069842
0 0.699133 0.661009 0.025525 0.074770
0 0.252293 0.627264 0.017382 0.078536
0 0.104599 0.538060 0.013732 0.065631
0 0.598633 0.455280 0.019302 0.060681
0 0.715525 0.446595 0.018447 0.055483
0 0.652728 0.468311 0.018913 0.052452
0 0.120376 0.553775 0.017629 0.064061
0 0.556646 0.650250 0.028528 0.063853
0 0.124912 0.402157 0.015161 0.056703
0 0.147820 0.976501 0.026535 0.045145
0 0.403275 0.546450 0.014994 0.066668
0 0.332769 0.312500 0.011830 0.049399
0 0.503852 0.517651 0.023543 0.058354
0 0.943189 0.697161 0.029322 0.064705
0 0.440892 0.553364 0.016909 0.060897
0 0.392140 0.403259 0.010547 0.047564
0 0.187693 0.648330 0.019243 0.073570
