0 0.791642 0.471707 0.017593 0.069946
0 0.086492 0.943090 0.019407 0.111968
0 0.148578 0.373848 0.014326 0.059077
0 0.200439 0.638107 0.024046 0.085325
0 0.427600 0.541188 0.018369 0.080117
0 0.291341 0.621129 0.018967 0.088000
0 0.783857 0.591457 0.029983 0.065422
0 0.541382 0.666136 0.025701 0.071542
0 0.121699 0.525998 0.015511 0.072764
0 0.693530 0.489277 0.027836 0.065196
0 0.652402 0.461267 0.020567 0.072528
0 0.361385 0.947866 0.022107 0.102415
0 0.526317 0.516999 0.021718 0.059690
0 0.738423 0.657053 0.021271 0.066773
0 0.353207 0.406722 0.022576 0.059083
0 0.452485 0.552302 0.017435 0.071825
0 0.543141 0.448474 0.016414 0.064192
0 0.298984 0.431483 0.016545 0.061352
0 0.150018 0.542582 0.014083 0.073224
0 0.910309 0.594066 0.021045 0.073455
0 0.382923 0.281839 0.012981 0.049015
