0 0.342226 0.405067 0.015055 0.059066
0 0.779577 0.466082 0.020239 0.066368
0 0.186916 0.602370 0.027743 0.070897
0 0.968146 0.795582 0.022390 0.091326
0 0.389447 0.502743 0.016546 0.063574
0 0.678948 0.662057 0.023690 0.075924
0 0.721194 0.488779 0.017269 0.064794
0 0.239537 0.563982 0.023262 0.077889
0 0.205023 0.485819 0.018489 0.077814
0 0.370400 0.386183 0.012848 0.054608
0 0.262094 0.898966 0.020193 0.105841
0 0.549951 0.506259 0.022998 0.065107
0 0.496719 0.403121 0.016061 0.104421
0 0.650968 0.490661 0.018634 0.107971
0 0.473362 0.645482 0.021404 0.066218
0 0.514820 0.920435 0.025195 0.102694
0 0.375032 0.970396 0.028107 0.057357
0 0.673979 0.849356 0.020976 0.077212
