0 0.139292 0.936109 0.024376 0.116689
0 0.202877 0.614985 0.017342 0.081165
0 0.150617 0.511735 0.020739 0.065836
0 0.479880 0.654433 0.028759 0.068453
0 0.180797 0.353776 0.013242 0.056380
0 0.543246 0.448247 0.021656 0.065803
0 0.415262 0.943472 0.023694 0.110751
0 0.188158 0.522639 0.015295 0.071575
0 0.790360 0.482302 0.021099 0.070547
0 0.432552 0.526408 0.012927 0.056657
0 0.440147 0.381373 0.014118 0.049248
0 0.603339 0.864607 0.021389 0.070898
0 0.807113 0.566875 0.031533 0.072468
0 0.316744 0.594966 0.020875 0.067378
0 0.512366 0.507643 0.027356 0.055194
0 0.371355 0.400541 0.013722 0.058994
0 0.427404 0.268169 0.015755 0.051949
0 0.653583 0.468347 0.023957 0.065391
0 0.447163 0.545820 0.019441 0.062002
0 0.316093 0.416994 0.014043 0.056266
0 0.709265 0.641260 0.025941 0.067552
