0 0.173660 0.598753 0.022248 0.078457
0 0.228616 0.912984 0.020442 0.105119
0 0.457153 0.638798 0.018516 0.069935
0 0.968623 0.801607 0.029449 0.092103
0 0.239973 0.571795 0.020148 0.073979
0 0.659698 0.664234 0.017714 0.078829
0 0.383074 0.510411 0.017904 0.063160
0 0.473774 0.372323 0.012143 0.050249
0 0.642258 0.499872 0.024798 0.118812
0 0.184539 0.494146 0.017342 0.079661
0 0.717531 0.490884 0.012455 0.066049
0 0.655038 0.859904 0.021407 0.080373
0 0.345993 0.977649 0.028108 0.042850
0 0.494960 0.938135 0.025385 0.113134
0 0.325153 0.409096 0.016936 0.056728
0 0.355918 0.388589 0.012169 0.057422
