0 0.496552 0.488584 0.012225 0.051199
0 0.278827 0.637675 0.015560 0.071867
0 0.522572 0.399379 0.012757 0.035344
0 0.353935 0.534480 0.014544 0.059310
0 0.764838 0.477848 0.027245 0.149714
0 0.779766 0.518282 0.012420 0.055982
0 0.870210 0.787448 0.019568 0.076315
0 0.596920 0.521716 0.013343 0.054425
0 0.711851 0.651381 0.014483 0.064937
0 0.715535 0.466327 0.012792 0.054892
0 0.144301 0.460538 0.014416 0.045840
0 0.383376 0.434050 0.012000 0.045446
0 0.705115 0.869783 0.018715 0.092212
0 0.475637 0.721273 0.020194 0.063833
0 0.845715 0.820643 0.017656 0.073525
0 0.407032 0.313717 0.011049 0.035545
0 0.339486 0.438077 0.012864 0.042556
