0 0.647119 0.660051 0.032559 0.073050
0 0.180141 0.593291 0.019984 0.078529
0 0.268468 0.575914 0.025392 0.084533
0 0.744916 0.492226 0.021994 0.068404
0 0.962207 0.804391 0.023687 0.092734
0 0.203182 0.923070 0.020967 0.110220
0 0.322126 0.411691 0.013931 0.063431
0 0.173417 0.494001 0.015887 0.073511
0 0.633876 0.540856 0.026998 0.066598
0 0.477305 0.942926 0.025498 0.112297
0 0.398401 0.523787 0.019092 0.072883
0 0.437649 0.640778 0.024194 0.072127
0 0.190080 0.502945 0.013727 0.064392
0 0.191680 0.340498 0.012323 0.054694
0 0.722493 0.514025 0.019735 0.070793
0 0.459162 0.375052 0.014408 0.058722
0 0.775125 0.465399 0.020533 0.057337
0 0.644156 0.471179 0.025612 0.076284
0 0.523563 0.500833 0.018406 0.059013
0 0.468409 0.527721 0.017824 0.071904
0 0.639506 0.864693 0.022052 0.082676
0 0.324923 0.984025 0.024085 0.030099
