0 0.265716 0.458778 0.011812 0.048019
0 0.167990 0.635157 0.013742 0.069028
0 0.403840 0.416385 0.009417 0.039046
0 0.185418 0.625572 0.014391 0.069284
0 0.930375 0.600932 0.014530 0.043206
0 0.404590 0.537491 0.012642 0.049231
0 0.577800 0.607835 0.014221 0.054040
0 0.433854 0.751314 0.016600 0.062433
0 0.811936 0.534056 0.014402 0.054004
0 0.736563 0.426897 0.016853 0.047138
0 0.649016 0.614839 0.015243 0.049995
0 0.070351 0.951022 0.025773 0.075541
0 0.602127 0.469882 0.011862 0.047467
0 0.511847 0.534972 0.013299 0.048978
