0 0.282193 0.452320 0.010329 0.045614
0 0.193213 0.632900 0.013705 0.066562
0 0.015692 0.856475 0.017514 0.091180
0 0.612048 0.611884 0.014486 0.054210
0 0.406687 0.414279 0.011517 0.040305
0 0.456475 0.751581 0.015444 0.063853
0 0.679642 0.629743 0.016159 0.060622
0 0.529020 0.494289 0.012878 0.041006
0 0.466883 0.455978 0.011578 0.050377
0 0.119407 0.550361 0.011372 0.049619
0 0.424067 0.534735 0.012200 0.049094
0 0.503945 0.535818 0.020009 0.049863
0 0.839906 0.546372 0.017617 0.048741
0 0.098224 0.941559 0.024585 0.068693
0 0.211964 0.626187 0.016564 0.071474
