0 0.493250 0.485582 0.012293 0.053959
0 0.279807 0.638165 0.014098 0.071365
0 0.764213 0.476164 0.027409 0.148064
0 0.869862 0.788838 0.017473 0.078951
0 0.518788 0.396379 0.012614 0.039628
0 0.778815 0.517922 0.011606 0.055345
0 0.593788 0.520640 0.013284 0.053497
0 0.710147 0.648960 0.013113 0.063845
0 0.711445 0.467439 0.012424 0.046233
0 0.354373 0.535110 0.015096 0.055445
0 0.705177 0.870238 0.018666 0.093608
0 0.842898 0.820750 0.018260 0.075462
0 0.489669 0.819131 0.017357 0.086305
0 0.404709 0.313839 0.010058 0.037161
0 0.148865 0.457266 0.016649 0.046842
