0 0.124389 0.941335 0.021199 0.115479
0 0.792336 0.483296 0.018547 0.070057
0 0.095398 0.760608 0.018534 0.098733
0 0.135637 0.519795 0.022246 0.073497
0 0.715007 0.443936 0.023085 0.067081
0 0.456290 0.654031 0.024019 0.086644
0 0.786440 0.664013 0.017836 0.086628
0 0.244823 0.309125 0.013783 0.056848
0 0.530593 0.774875 0.025837 0.086245
0 0.661243 0.647950 0.015228 0.081876
0 0.459618 0.435464 0.018177 0.055950
0 0.543317 0.656451 0.036561 0.085341
0 0.590545 0.874828 0.018083 0.095320
0 0.566724 0.490274 0.023399 0.071207
0 0.238891 0.507482 0.018794 0.067967
0 0.469100 0.380442 0.014674 0.052148
0 0.415327 0.804682 0.020228 0.084302
0 0.527830 0.378039 0.013183 0.058801
0 0.738372 0.409847 0.019757 0.059993
