0 0.197241 0.508970 0.013043 0.059089
0 0.175570 0.494290 0.016631 0.072091
0 0.201168 0.922363 0.023044 0.111846
0 0.196596 0.339470 0.014697 0.052882
0 0.287987 0.580706 0.019878 0.075744
0 0.475049 0.943033 0.025716 0.111760
0 0.189143 0.594026 0.017948 0.077937
0 0.408079 0.523133 0.018224 0.076967
0 0.958955 0.801732 0.022466 0.093616
0 0.459201 0.377014 0.014427 0.058974
0 0.325822 0.414782 0.015293 0.059554
0 0.444759 0.640877 0.025537 0.065132
0 0.638434 0.864314 0.022721 0.083806
0 0.652393 0.471237 0.017440 0.076341
0 0.653389 0.655083 0.026961 0.061249
0 0.322011 0.983305 0.025846 0.031539
0 0.780175 0.467760 0.025909 0.050852
0 0.465990 0.527308 0.020083 0.075377
0 0.527013 0.499949 0.016567 0.062438
