0 0.167162 0.931136 0.022135 0.114067
0 0.516297 0.507490 0.024763 0.052258
0 0.320974 0.588829 0.018395 0.078161
0 0.165235 0.504966 0.015737 0.065176
0 0.203369 0.604274 0.015902 0.078124
0 0.194815 0.347891 0.015273 0.055329
0 0.440815 0.943223 0.023062 0.110213
0 0.467800 0.647197 0.024730 0.068564
0 0.620030 0.864311 0.019162 0.074208
0 0.457125 0.538409 0.017707 0.068364
0 0.543251 0.448893 0.019358 0.065197
0 0.956080 0.797486 0.029601 0.079522
0 0.718594 0.497630 0.016406 0.065799
0 0.430838 0.526919 0.019057 0.071384
0 0.323812 0.422884 0.014149 0.057780
0 0.449995 0.380147 0.014982 0.053406
