0 0.792094 0.538295 0.014608 0.051010
0 0.272345 0.467468 0.013998 0.049003
0 0.554771 0.605725 0.014090 0.055636
0 0.543678 0.498006 0.012816 0.046286
0 0.627403 0.611640 0.021322 0.059529
0 0.189380 0.624358 0.013938 0.068363
0 0.136857 0.560275 0.014122 0.054367
0 0.105656 0.561851 0.013346 0.060787
0 0.431895 0.751210 0.016347 0.064342
0 0.921937 0.604392 0.014407 0.049753
0 0.379548 0.537864 0.015435 0.052781
0 0.163211 0.628962 0.014164 0.069037
0 0.105834 0.441963 0.011007 0.048186
0 0.443517 0.465043 0.010547 0.049236
0 0.832049 0.558270 0.017620 0.057794
0 0.245771 0.355831 0.011190 0.040053
