0 0.460208 0.492870 0.013405 0.054453
0 0.255400 0.640142 0.022212 0.069090
0 0.706585 0.655130 0.020913 0.062181
0 0.337639 0.544028 0.018283 0.065223
0 0.630481 0.498302 0.012585 0.050058
0 0.462921 0.821762 0.015781 0.086282
0 0.321773 0.458941 0.013235 0.052737
0 0.296943 0.479034 0.015281 0.045701
0 0.735235 0.441207 0.019869 0.058064
0 0.570148 0.518205 0.013111 0.053855
0 0.139439 0.462589 0.015622 0.049923
0 0.672185 0.868778 0.020139 0.090431
0 0.554476 0.900046 0.021757 0.063793
0 0.788504 0.515067 0.019270 0.055146
0 0.813223 0.818155 0.018240 0.063039
