0 0.190794 0.920718 0.023441 0.115225
0 0.805132 0.497641 0.022926 0.074748
0 0.694880 0.613932 0.018662 0.081969
0 0.148784 0.507427 0.020045 0.067527
0 0.758942 0.642056 0.015702 0.085667
0 0.258373 0.501625 0.019051 0.059728
0 0.391013 0.808641 0.019739 0.085878
0 0.088378 0.746097 0.039330 0.094384
0 0.570100 0.486304 0.019886 0.062458
0 0.720879 0.370302 0.012934 0.050326
0 0.276775 0.693256 0.036814 0.087148
0 0.541855 0.751559 0.024503 0.087823
0 0.479422 0.647907 0.025378 0.088321
0 0.493957 0.383961 0.012973 0.051358
0 0.626265 0.864916 0.018908 0.101257
0 0.694465 0.335978 0.013381 0.050160
0 0.746232 0.446023 0.014700 0.064604
0 0.556703 0.643524 0.030001 0.084087
0 0.482181 0.437085 0.017867 0.059094
0 0.556472 0.382408 0.014587 0.053546
0 0.301685 0.306906 0.015502 0.053814
