0 0.779701 0.518505 0.020380 0.068920
0 0.470293 0.488520 0.010371 0.051357
0 0.168484 0.474331 0.019030 0.051704
0 0.889747 0.790433 0.019550 0.075427
0 0.676682 0.487558 0.012477 0.051572
0 0.253798 0.642558 0.016029 0.061419
0 0.712231 0.655785 0.015174 0.064136
0 0.763375 0.444108 0.029531 0.084519
0 0.846061 0.822714 0.020362 0.069199
0 0.579858 0.518490 0.010937 0.056209
0 0.335564 0.449564 0.012179 0.046110
0 0.495204 0.820230 0.016567 0.081088
0 0.704829 0.871607 0.018488 0.089055
0 0.435744 0.727181 0.014816 0.064457
