0 0.253002 0.644977 0.015343 0.068122
0 0.777817 0.511798 0.015134 0.052605
0 0.696190 0.873763 0.020149 0.092765
0 0.801781 0.526628 0.016070 0.058924
0 0.352641 0.543017 0.015982 0.061526
0 0.658845 0.493625 0.010152 0.044758
0 0.713776 0.657667 0.019726 0.061630
0 0.468828 0.485960 0.011982 0.047244
0 0.174452 0.471685 0.014684 0.040362
0 0.487064 0.822170 0.016543 0.084417
0 0.577257 0.518938 0.014018 0.053479
0 0.430936 0.726866 0.017622 0.058292
0 0.839387 0.821790 0.020096 0.066451
0 0.604218 0.381818 0.010262 0.038204
0 0.898705 0.791410 0.019870 0.069284
