0 0.104821 0.533820 0.015959 0.071537
0 0.058539 0.913623 0.022171 0.106465
0 0.124571 0.553396 0.020309 0.069214
0 0.259767 0.627329 0.019274 0.079812
0 0.794756 0.586214 0.030270 0.065210
0 0.189821 0.647863 0.015436 0.075383
0 0.738807 0.454024 0.012817 0.055112
0 0.127727 0.392029 0.014011 0.051223
0 0.278811 0.435258 0.016003 0.057622
0 0.713317 0.658681 0.015017 0.067099
0 0.407388 0.548414 0.017258 0.072541
0 0.397776 0.397877 0.015519 0.056448
0 0.439605 0.555417 0.021144 0.061610
0 0.614650 0.460947 0.015595 0.060796
0 0.914016 0.596630 0.019146 0.069898
0 0.663495 0.472360 0.020669 0.056150
0 0.554646 0.657641 0.024989 0.069966
