0 0.193274 0.601642 0.016358 0.078244
0 0.653223 0.493578 0.021286 0.093481
0 0.682523 0.660211 0.022571 0.070130
0 0.243829 0.564256 0.020310 0.077278
0 0.394406 0.496906 0.012329 0.057805
0 0.477756 0.647548 0.020586 0.066510
0 0.279040 0.888485 0.019478 0.098426
0 0.721542 0.484178 0.014993 0.072494
0 0.776695 0.464949 0.023748 0.061068
0 0.965625 0.794085 0.029908 0.079370
0 0.348175 0.406467 0.012045 0.048239
0 0.378532 0.382512 0.010811 0.054149
0 0.524692 0.915690 0.024579 0.100694
0 0.216202 0.482262 0.016847 0.068106
0 0.389258 0.966610 0.026637 0.063937
0 0.213799 0.486871 0.022243 0.075549
0 0.559648 0.507856 0.029185 0.060879
0 0.683269 0.842430 0.021117 0.073696
