0 0.179216 0.928125 0.021654 0.113252
0 0.317345 0.583997 0.021022 0.084190
0 0.200968 0.600958 0.022664 0.077541
0 0.521346 0.505370 0.014658 0.057088
0 0.953206 0.798095 0.037637 0.086273
0 0.171123 0.504591 0.016845 0.074017
0 0.464111 0.641675 0.022564 0.066541
0 0.429603 0.526964 0.016206 0.073026
0 0.452410 0.943097 0.024447 0.111954
0 0.457658 0.538958 0.020580 0.074316
0 0.626812 0.863312 0.020394 0.073987
0 0.327144 0.419462 0.015607 0.060569
0 0.453821 0.379942 0.017242 0.052172
0 0.198651 0.342902 0.013600 0.042796
