0 0.499722 0.439582 0.017725 0.057593
0 0.758969 0.619397 0.016426 0.082056
0 0.185445 0.496118 0.016467 0.062805
0 0.715885 0.596092 0.016747 0.072980
0 0.405816 0.797365 0.020402 0.084063
0 0.268957 0.672321 0.021977 0.077739
0 0.243700 0.891938 0.022505 0.105015
0 0.576350 0.480329 0.016377 0.062629
0 0.804737 0.502485 0.021826 0.067957
0 0.282240 0.494229 0.019080 0.058060
0 0.499490 0.631790 0.021954 0.079460
0 0.652822 0.842165 0.017533 0.093977
0 0.513667 0.390742 0.013310 0.049801
0 0.735699 0.377948 0.013696 0.047313
0 0.565937 0.629561 0.021763 0.078009
0 0.107410 0.719215 0.022380 0.084704
0 0.575359 0.385444 0.016985 0.053173
