0 0.078373 0.948668 0.025919 0.100813
0 0.130328 0.526148 0.021653 0.077523
0 0.140935 0.759193 0.024308 0.098240
0 0.350312 0.690644 0.031664 0.076794
0 0.400160 0.638832 0.020575 0.090560
0 0.651796 0.677750 0.017753 0.083782
0 0.207397 0.505095 0.017157 0.074007
0 0.839723 0.678843 0.026575 0.092667
0 0.683249 0.442488 0.014820 0.067929
0 0.761749 0.464105 0.018008 0.067493
0 0.555164 0.482928 0.017578 0.070759
0 0.427249 0.412475 0.018485 0.113787
0 0.551304 0.664420 0.032000 0.074934
0 0.702921 0.407496 0.015953 0.063967
0 0.205037 0.320305 0.013271 0.058673
0 0.384749 0.958364 0.027625 0.081421
0 0.498081 0.375624 0.013755 0.056762
0 0.655628 0.367788 0.011978 0.051988
0 0.567836 0.886336 0.020294 0.079774
