0 0.195101 0.594743 0.024955 0.080547
0 0.469165 0.942576 0.024487 0.111803
0 0.328571 0.416264 0.016586 0.063061
0 0.196268 0.924756 0.020989 0.106809
0 0.452483 0.637915 0.019818 0.064233
0 0.955187 0.800594 0.028403 0.092307
0 0.175598 0.498163 0.017972 0.071224
0 0.202490 0.509322 0.017677 0.063628
0 0.299994 0.576508 0.023681 0.083138
0 0.526996 0.476046 0.017402 0.114411
0 0.463023 0.533369 0.017158 0.068142
0 0.635553 0.864171 0.023327 0.081263
0 0.655312 0.469790 0.017547 0.069958
0 0.459223 0.374966 0.013073 0.053263
0 0.418854 0.525201 0.013150 0.073834
0 0.200299 0.340466 0.014366 0.050100
0 0.785236 0.473911 0.020863 0.060283
0 0.646905 0.560580 0.025349 0.062765
