0 0.078369 0.949314 0.023673 0.099521
0 0.976175 0.802208 0.021813 0.105923
0 0.317845 0.583364 0.020907 0.077731
0 0.830401 0.606453 0.020999 0.078683
0 0.124000 0.514703 0.017333 0.076043
0 0.692191 0.448902 0.023065 0.065344
0 0.180662 0.491952 0.019670 0.066685
0 0.196350 0.716031 0.016795 0.097087
0 0.549574 0.919736 0.023672 0.117732
0 0.672641 0.398276 0.015563 0.069295
0 0.288873 0.682815 0.024633 0.096226
0 0.733886 0.794264 0.037586 0.076311
0 0.650081 0.433727 0.017508 0.062349
0 0.369961 0.959571 0.020267 0.079007
0 0.411250 0.403687 0.017900 0.110563
0 0.526940 0.454955 0.016065 0.062520
0 0.604144 0.696934 0.039468 0.082329
0 0.463766 0.362881 0.014466 0.053906
0 0.202585 0.309045 0.013478 0.054145
