0 0.800340 0.536972 0.016676 0.052898
0 0.407045 0.420495 0.009474 0.041599
0 0.182552 0.622476 0.015094 0.072014
0 0.121929 0.569119 0.012725 0.050801
0 0.428709 0.750938 0.016590 0.061046
0 0.635539 0.610903 0.014134 0.056339
0 0.389504 0.544698 0.018693 0.050250
0 0.562441 0.609063 0.019241 0.053001
0 0.927479 0.601694 0.012942 0.046004
0 0.616565 0.479526 0.011679 0.050513
0 0.161733 0.640378 0.015604 0.071996
0 0.262461 0.465488 0.014021 0.046825
0 0.853314 0.563621 0.020625 0.061214
0 0.520738 0.534088 0.012454 0.054929
0 0.098227 0.567703 0.012046 0.053630
