0 0.550307 0.663077 0.026711 0.069040
0 0.280001 0.629031 0.016666 0.085904
0 0.291887 0.431971 0.022604 0.065208
0 0.800579 0.593212 0.021313 0.071567
0 0.112841 0.528371 0.016952 0.080139
0 0.417346 0.392539 0.013682 0.056457
0 0.139114 0.547454 0.018464 0.075181
0 0.074824 0.943012 0.021579 0.112124
0 0.423551 0.548715 0.016542 0.075495
0 0.449828 0.555652 0.020191 0.071931
0 0.139724 0.376640 0.013166 0.055649
0 0.195625 0.641715 0.015898 0.082835
0 0.524723 0.517413 0.023265 0.063113
0 0.737114 0.662619 0.024664 0.077288
0 0.784817 0.466356 0.016049 0.062304
0 0.346189 0.947605 0.021247 0.102937
0 0.692041 0.485829 0.022415 0.063086
0 0.370973 0.285461 0.011240 0.048034
0 0.647424 0.461135 0.015785 0.065570
0 0.346486 0.407409 0.014316 0.056271
0 0.921865 0.593162 0.035027 0.070324
