0 0.078193 0.949202 0.023908 0.099745
0 0.126439 0.518167 0.017376 0.078764
0 0.327059 0.587381 0.020913 0.081464
0 0.837067 0.613686 0.021052 0.092159
0 0.974902 0.800331 0.020091 0.102784
0 0.183516 0.490480 0.016516 0.072732
0 0.195673 0.722249 0.017828 0.092550
0 0.654077 0.432648 0.017063 0.063005
0 0.290637 0.683614 0.022167 0.095957
0 0.697790 0.449826 0.022459 0.063974
0 0.467539 0.364847 0.011858 0.057458
0 0.719959 0.795245 0.017808 0.070048
0 0.371465 0.959002 0.020603 0.080144
0 0.676608 0.398483 0.015515 0.060305
0 0.552105 0.918869 0.023235 0.117738
0 0.410950 0.403187 0.017847 0.112982
0 0.529301 0.456746 0.016878 0.066915
0 0.202297 0.309954 0.013294 0.056160
0 0.995010 0.384363 0.008938 0.063183
