0 0.504569 0.489335 0.012466 0.051397
0 0.784232 0.521900 0.014641 0.055230
0 0.876862 0.788654 0.019623 0.079573
0 0.276586 0.634209 0.014070 0.064481
0 0.722428 0.462592 0.013460 0.055526
0 0.847860 0.820386 0.017741 0.068333
0 0.717911 0.648698 0.014246 0.064573
0 0.772520 0.431185 0.011579 0.046305
0 0.394149 0.436026 0.013183 0.044494
0 0.772029 0.437883 0.014560 0.060174
0 0.527365 0.404134 0.012810 0.041124
0 0.354304 0.531895 0.013157 0.055861
0 0.705203 0.868598 0.018824 0.093045
0 0.764421 0.525837 0.013690 0.063751
0 0.479405 0.720485 0.014779 0.063427
0 0.339747 0.440772 0.011085 0.044356
0 0.751990 0.427528 0.016311 0.096472
0 0.600907 0.523088 0.012739 0.055344
