0 0.680059 0.482596 0.012062 0.049552
0 0.597099 0.378128 0.011095 0.042728
0 0.335623 0.447242 0.011606 0.047853
0 0.472096 0.487572 0.012338 0.051011
0 0.706477 0.656147 0.020883 0.065213
0 0.158747 0.471578 0.015092 0.047087
0 0.258173 0.642490 0.015633 0.065711
0 0.884119 0.792832 0.019859 0.078151
0 0.579519 0.518537 0.012878 0.055285
0 0.844929 0.821999 0.019750 0.070197
0 0.439739 0.726165 0.016767 0.065565
0 0.774560 0.520046 0.017317 0.066983
0 0.356541 0.540360 0.012273 0.053164
0 0.495308 0.820067 0.016847 0.080981
0 0.704751 0.870863 0.018465 0.088398
