0 0.795845 0.579148 0.016181 0.072008
0 0.248026 0.625300 0.020390 0.078367
0 0.564418 0.646557 0.013318 0.062503
0 0.399679 0.545893 0.020585 0.068659
0 0.053199 0.888796 0.022412 0.101563
0 0.438913 0.554548 0.019071 0.064029
0 0.693787 0.657773 0.017515 0.068361
0 0.897570 0.599084 0.017492 0.070026
0 0.191709 0.645836 0.016727 0.075145
0 0.106511 0.539668 0.012993 0.066053
0 0.699138 0.447284 0.014487 0.052853
0 0.142035 0.968433 0.026343 0.061281
0 0.386293 0.407316 0.015447 0.050771
0 0.503500 0.517297 0.014555 0.053825
0 0.121910 0.549061 0.012569 0.069613
0 0.124667 0.406780 0.013406 0.053255
0 0.929584 0.682520 0.024981 0.060791
0 0.644753 0.461350 0.013587 0.041093
0 0.274569 0.441701 0.016101 0.049532
0 0.326434 0.320231 0.011653 0.041682
