0 0.684094 0.482983 0.011625 0.048593
0 0.474259 0.486169 0.016041 0.052265
0 0.580431 0.519542 0.012645 0.058219
0 0.262711 0.641304 0.016498 0.070184
0 0.768835 0.519106 0.022863 0.065394
0 0.593844 0.376149 0.009559 0.040192
0 0.881081 0.793349 0.019695 0.078269
0 0.705623 0.653224 0.019986 0.063528
0 0.843253 0.821877 0.018364 0.071941
0 0.333191 0.450187 0.015823 0.052605
0 0.704696 0.868568 0.020110 0.089807
0 0.446327 0.724725 0.014240 0.065337
0 0.356041 0.539879 0.014037 0.055461
0 0.763428 0.473081 0.031476 0.152460
