0 0.801337 0.667230 0.032776 0.091771
0 0.111783 0.942335 0.021583 0.113478
0 0.707723 0.441147 0.016292 0.072743
0 0.104334 0.759571 0.020462 0.101015
0 0.656672 0.652350 0.015658 0.089077
0 0.136704 0.524536 0.024308 0.071282
0 0.445011 0.647593 0.017934 0.090558
0 0.232617 0.505562 0.018798 0.070981
0 0.731192 0.409180 0.017341 0.061590
0 0.786881 0.482409 0.019157 0.077081
0 0.539933 0.657517 0.027461 0.084179
0 0.235516 0.313490 0.014420 0.059799
0 0.524171 0.378217 0.017987 0.057151
0 0.428136 0.799833 0.026911 0.081208
0 0.583592 0.878347 0.017413 0.095086
0 0.562989 0.489327 0.017921 0.068821
0 0.414708 0.951880 0.028154 0.087054
