0 0.077439 0.948981 0.025531 0.100186
0 0.392720 0.627744 0.017494 0.086228
0 0.333828 0.684240 0.028878 0.085203
0 0.132927 0.527056 0.018821 0.075078
0 0.554362 0.663067 0.027374 0.084406
0 0.155434 0.751780 0.028307 0.096231
0 0.847767 0.674405 0.021584 0.097182
0 0.555947 0.480299 0.016916 0.072153
0 0.659635 0.689890 0.029339 0.083575
0 0.203348 0.319066 0.013670 0.058444
0 0.680532 0.439202 0.016929 0.069092
0 0.205674 0.501147 0.014384 0.070105
0 0.423958 0.414601 0.018989 0.100382
0 0.496432 0.377468 0.012653 0.058119
0 0.700152 0.406916 0.016478 0.068171
0 0.983888 0.797074 0.030892 0.095617
0 0.654210 0.363881 0.011396 0.052215
0 0.570571 0.887611 0.021253 0.085783
0 0.755254 0.462929 0.014743 0.068868
0 0.384458 0.959102 0.028091 0.079943
