0 0.533685 0.499158 0.012951 0.051364
0 0.707831 0.873812 0.020989 0.100211
0 0.272434 0.616619 0.014053 0.073518
0 0.804819 0.525287 0.013379 0.059517
0 0.343896 0.440953 0.011141 0.051237
0 0.495397 0.718193 0.017779 0.068333
0 0.351247 0.529286 0.015337 0.058307
0 0.793322 0.433709 0.011629 0.046995
0 0.739164 0.646805 0.012525 0.063950
0 0.412655 0.431313 0.012119 0.051404
0 0.581601 0.419921 0.011198 0.051639
0 0.845065 0.820333 0.018959 0.071868
0 0.612494 0.526306 0.012427 0.058734
0 0.547183 0.391991 0.013988 0.071479
0 0.901531 0.790693 0.024147 0.071563
