0 0.520394 0.494513 0.012056 0.053501
0 0.707547 0.872395 0.020871 0.097317
0 0.407331 0.434484 0.012535 0.045611
0 0.277907 0.625856 0.015122 0.063824
0 0.608549 0.525132 0.014963 0.061716
0 0.795800 0.525182 0.015169 0.055196
0 0.891310 0.788447 0.018839 0.081402
0 0.730984 0.647528 0.018533 0.068145
0 0.353385 0.530985 0.013633 0.056441
0 0.848980 0.819971 0.018198 0.066851
0 0.557417 0.365606 0.012198 0.061353
0 0.536048 0.406813 0.014193 0.044551
0 0.342056 0.441801 0.011383 0.049550
0 0.783437 0.437458 0.014733 0.053841
0 0.768176 0.529321 0.012413 0.064192
