0 0.796144 0.536103 0.012250 0.053707
0 0.266845 0.469679 0.017146 0.045964
0 0.558391 0.605309 0.015072 0.054910
0 0.408684 0.420068 0.009752 0.039503
0 0.630821 0.609919 0.014382 0.060735
0 0.429952 0.750295 0.015531 0.061237
0 0.186152 0.624101 0.013930 0.071938
0 0.296747 0.425724 0.011203 0.040312
0 0.162906 0.634925 0.015485 0.070144
0 0.756756 0.417869 0.013183 0.040939
0 0.384434 0.545216 0.012955 0.050965
0 0.127557 0.563128 0.012997 0.059606
0 0.622682 0.479670 0.012683 0.048831
0 0.541413 0.497347 0.012210 0.040584
0 0.925351 0.602766 0.014442 0.046638
0 0.841533 0.561802 0.019455 0.058605
